#Name,A,C,D,E,G,F,H,I,K,L,M,N,P,Q,R,S,T,V,W,Y
negative_independent.txt_P23511,0.0893371757925072,0.0,0.011527377521613832,0.04610951008645533,0.10662824207492795,0.005763688760806916,0.01440922190201729,0.06628242074927954,0.025936599423631124,0.043227665706051875,0.0345821325648415,0.025936599423631124,0.05763688760806916,0.1873198847262248,0.037463976945244955,0.05187319884726225,0.07780979827089338,0.1037463976945245,0.0,0.01440922190201729
negative_independent.txt_Q5TH74,0.06287425149700598,0.023952095808383235,0.029940119760479042,0.02694610778443114,0.059880239520958084,0.06287425149700598,0.014970059880239521,0.038922155688622756,0.09580838323353294,0.04790419161676647,0.020958083832335328,0.059880239520958084,0.12275449101796407,0.041916167664670656,0.03592814371257485,0.11976047904191617,0.05389221556886228,0.03592814371257485,0.005988023952095809,0.038922155688622756
negative_independent.txt_P50876,0.0684931506849315,0.10273972602739725,0.05136986301369863,0.06506849315068493,0.04794520547945205,0.0410958904109589,0.02054794520547945,0.0410958904109589,0.06506849315068493,0.10273972602739725,0.030821917808219176,0.010273972602739725,0.0684931506849315,0.05821917808219178,0.03767123287671233,0.03767123287671233,0.06164383561643835,0.04794520547945205,0.017123287671232876,0.023972602739726026
negative_independent.txt_Q9BZ67,0.08189655172413793,0.01939655172413793,0.05603448275862069,0.07758620689655173,0.07974137931034483,0.034482758620689655,0.03017241379310345,0.023706896551724137,0.03879310344827586,0.125,0.00646551724137931,0.010775862068965518,0.06896551724137931,0.05387931034482758,0.07327586206896551,0.08405172413793104,0.023706896551724137,0.07543103448275862,0.008620689655172414,0.028017241379310345
negative_independent.txt_Q8IX06,0.10962962962962963,0.035555555555555556,0.03259259259259259,0.057777777777777775,0.06666666666666667,0.02962962962962963,0.02074074074074074,0.023703703703703703,0.056296296296296296,0.08444444444444445,0.014814814814814815,0.017777777777777778,0.07703703703703704,0.05037037037037037,0.07555555555555556,0.08888888888888889,0.05185185185185185,0.0637037037037037,0.01037037037037037,0.03259259259259259
negative_independent.txt_O15519,0.03958333333333333,0.020833333333333332,0.06458333333333334,0.07083333333333333,0.05,0.03333333333333333,0.03125,0.04791666666666667,0.07916666666666666,0.14166666666666666,0.03125,0.027083333333333334,0.03333333333333333,0.05416666666666667,0.0625,0.08125,0.025,0.06458333333333334,0.00625,0.035416666666666666
negative_independent.txt_Q7L592,0.07029478458049887,0.009070294784580499,0.05442176870748299,0.05215419501133787,0.08163265306122448,0.05215419501133787,0.027210884353741496,0.049886621315192746,0.061224489795918366,0.10204081632653061,0.027210884353741496,0.022675736961451247,0.05668934240362812,0.045351473922902494,0.05215419501133787,0.061224489795918366,0.049886621315192746,0.07936507936507936,0.013605442176870748,0.031746031746031744
negative_independent.txt_P28907,0.04,0.05333333333333334,0.06,0.056666666666666664,0.04,0.043333333333333335,0.023333333333333334,0.05333333333333334,0.06333333333333334,0.08,0.016666666666666666,0.043333333333333335,0.05,0.05,0.06,0.08,0.056666666666666664,0.08666666666666667,0.02666666666666667,0.016666666666666666
negative_independent.txt_P52756,0.08098159509202454,0.011042944785276074,0.0736196319018405,0.07975460122699386,0.06625766871165645,0.025766871165644172,0.014723926380368098,0.033128834355828224,0.06503067484662577,0.0638036809815951,0.020858895705521473,0.033128834355828224,0.046625766871165646,0.06503067484662577,0.07730061349693251,0.09815950920245399,0.04539877300613497,0.0392638036809816,0.008588957055214725,0.051533742331288344
negative_independent.txt_Q15831,0.06004618937644342,0.023094688221709007,0.06235565819861432,0.07159353348729793,0.07852193995381063,0.03233256351039261,0.023094688221709007,0.057736720554272515,0.07390300230946882,0.09006928406466513,0.03002309468822171,0.02771362586605081,0.06466512702078522,0.046189376443418015,0.06004618937644342,0.05542725173210162,0.04387990762124711,0.057736720554272515,0.006928406466512702,0.03464203233256351
negative_independent.txt_A8K0R7,0.08384710234278668,0.02466091245376079,0.04315659679408138,0.08261405672009864,0.07891491985203453,0.025893958076448828,0.027127003699136867,0.02096177558569667,0.04808877928483354,0.11097410604192355,0.012330456226880395,0.02096177558569667,0.07768187422934648,0.05425400739827373,0.06411837237977805,0.1060419235511714,0.0468557336621455,0.05672009864364982,0.002466091245376079,0.012330456226880395
negative_independent.txt_Q8IVQ6,0.026415094339622643,0.05660377358490566,0.026415094339622643,0.045283018867924525,0.05660377358490566,0.07547169811320754,0.05660377358490566,0.09433962264150944,0.033962264150943396,0.10566037735849057,0.033962264150943396,0.03773584905660377,0.06037735849056604,0.022641509433962263,0.06792452830188679,0.033962264150943396,0.04150943396226415,0.05660377358490566,0.03018867924528302,0.03773584905660377
negative_independent.txt_Q8IUY3,0.03954802259887006,0.03389830508474576,0.03954802259887006,0.07627118644067797,0.04519774011299435,0.03389830508474576,0.01977401129943503,0.03672316384180791,0.07344632768361582,0.10734463276836158,0.025423728813559324,0.031073446327683617,0.08192090395480225,0.03389830508474576,0.062146892655367235,0.11299435028248588,0.031073446327683617,0.06779661016949153,0.022598870056497175,0.025423728813559324
negative_independent.txt_P13489,0.06941431670281996,0.06941431670281996,0.05856832971800434,0.07592190889370933,0.06941431670281996,0.008676789587852495,0.010845986984815618,0.026030368763557483,0.03470715835140998,0.19956616052060738,0.006507592190889371,0.0368763557483731,0.03036876355748373,0.052060737527114966,0.052060737527114966,0.09761388286334056,0.028199566160520606,0.05422993492407809,0.013015184381778741,0.006507592190889371
negative_independent.txt_Q9NZ53,0.06942148760330578,0.011570247933884297,0.049586776859504134,0.12892561983471074,0.08925619834710743,0.01818181818181818,0.024793388429752067,0.02809917355371901,0.023140495867768594,0.1206611570247934,0.01818181818181818,0.026446280991735537,0.08264462809917356,0.0512396694214876,0.03471074380165289,0.09917355371900827,0.0512396694214876,0.0512396694214876,0.011570247933884297,0.009917355371900827
negative_independent.txt_O95196,0.08480565371024736,0.022968197879858657,0.0636042402826855,0.09187279151943463,0.10777385159010601,0.03180212014134275,0.02120141342756184,0.024734982332155476,0.030035335689045935,0.09717314487632508,0.012367491166077738,0.037102473498233215,0.09717314487632508,0.030035335689045935,0.0353356890459364,0.07950530035335689,0.05830388692579505,0.044169611307420496,0.012367491166077738,0.0176678445229682
negative_independent.txt_Q9HA90,0.13043478260869565,0.020066889632107024,0.05351170568561873,0.10869565217391304,0.07859531772575251,0.015050167224080268,0.02508361204013378,0.011705685618729096,0.016722408026755852,0.12709030100334448,0.010033444816053512,0.015050167224080268,0.05351170568561873,0.056856187290969896,0.11371237458193979,0.05518394648829431,0.0451505016722408,0.0451505016722408,0.008361204013377926,0.010033444816053512
negative_independent.txt_Q13724,0.08721624850657109,0.0035842293906810036,0.04181600955794504,0.05137395459976105,0.11230585424133811,0.04181600955794504,0.03345280764635603,0.013142174432497013,0.023894862604540025,0.13500597371565112,0.009557945041816009,0.015531660692951015,0.08363201911589008,0.04540023894862605,0.07646356033452807,0.06451612903225806,0.04181600955794504,0.06451612903225806,0.02986857825567503,0.025089605734767026
negative_independent.txt_Q49AM3,0.0789980732177264,0.023121387283236993,0.04046242774566474,0.0789980732177264,0.08477842003853564,0.025048169556840076,0.028901734104046242,0.011560693641618497,0.05202312138728324,0.1348747591522158,0.009633911368015413,0.01348747591522158,0.09248554913294797,0.07707129094412331,0.07707129094412331,0.08670520231213873,0.028901734104046242,0.03275529865125241,0.009633911368015413,0.01348747591522158
negative_independent.txt_Q9Y679,0.06585365853658537,0.01951219512195122,0.03414634146341464,0.05853658536585366,0.05121951219512195,0.05121951219512195,0.02195121951219512,0.01707317073170732,0.024390243902439025,0.14146341463414633,0.014634146341463415,0.01951219512195122,0.08536585365853659,0.05365853658536585,0.08292682926829269,0.08292682926829269,0.06097560975609756,0.09024390243902439,0.014634146341463415,0.00975609756097561
negative_independent.txt_O75298,0.06972477064220184,0.007339449541284404,0.05321100917431193,0.07522935779816514,0.07889908256880734,0.027522935779816515,0.02018348623853211,0.029357798165137616,0.027522935779816515,0.13577981651376148,0.007339449541284404,0.011009174311926606,0.07889908256880734,0.044036697247706424,0.06788990825688074,0.10275229357798166,0.07155963302752294,0.062385321100917435,0.014678899082568808,0.014678899082568808
negative_independent.txt_Q14641,0.03597122302158273,0.04316546762589928,0.02877697841726619,0.06474820143884892,0.07913669064748201,0.04316546762589928,0.014388489208633094,0.03597122302158273,0.07913669064748201,0.14388489208633093,0.02158273381294964,0.02158273381294964,0.07913669064748201,0.02158273381294964,0.06474820143884892,0.1079136690647482,0.06474820143884892,0.02158273381294964,0.014388489208633094,0.014388489208633094
negative_independent.txt_Q16655,0.07627118644067797,0.0423728813559322,0.03389830508474576,0.06779661016949153,0.0847457627118644,0.01694915254237288,0.0423728813559322,0.0423728813559322,0.05084745762711865,0.0847457627118644,0.01694915254237288,0.025423728813559324,0.09322033898305085,0.03389830508474576,0.06779661016949153,0.059322033898305086,0.0423728813559322,0.05084745762711865,0.00847457627118644,0.059322033898305086
negative_independent.txt_Q8NFH3,0.05,0.021052631578947368,0.06578947368421052,0.05263157894736842,0.06842105263157895,0.039473684210526314,0.05526315789473684,0.05,0.021052631578947368,0.08421052631578947,0.013157894736842105,0.04473684210526316,0.05,0.05,0.042105263157894736,0.10789473684210527,0.07368421052631578,0.07105263157894737,0.02631578947368421,0.013157894736842105
negative_independent.txt_O43291,0.07936507936507936,0.051587301587301584,0.047619047619047616,0.051587301587301584,0.06746031746031746,0.03968253968253968,0.007936507936507936,0.015873015873015872,0.031746031746031744,0.10317460317460317,0.023809523809523808,0.06349206349206349,0.031746031746031744,0.027777777777777776,0.09126984126984126,0.09126984126984126,0.03968253968253968,0.07936507936507936,0.015873015873015872,0.03968253968253968
negative_independent.txt_Q5TGY3,0.10480349344978165,0.018714909544603867,0.043044291952588895,0.045539613225202745,0.10106051154086089,0.03368683718028696,0.01933873986275733,0.008733624454148471,0.045539613225202745,0.08733624454148471,0.011228945726762321,0.017467248908296942,0.13911416094822207,0.039301310043668124,0.06487835308796007,0.1091703056768559,0.043668122270742356,0.03867747972551466,0.0056144728633811605,0.023081721771678103
negative_independent.txt_P09912,0.13846153846153847,0.023076923076923078,0.023076923076923078,0.046153846153846156,0.16923076923076924,0.038461538461538464,0.007692307692307693,0.03076923076923077,0.046153846153846156,0.12307692307692308,0.03076923076923077,0.023076923076923078,0.015384615384615385,0.015384615384615385,0.007692307692307693,0.11538461538461539,0.038461538461538464,0.06923076923076923,0.015384615384615385,0.023076923076923078
negative_independent.txt_Q9UK33,0.09883720930232558,0.03488372093023256,0.023255813953488372,0.05232558139534884,0.06395348837209303,0.029069767441860465,0.05813953488372093,0.005813953488372093,0.03488372093023256,0.08139534883720931,0.011627906976744186,0.005813953488372093,0.19186046511627908,0.029069767441860465,0.11046511627906977,0.0872093023255814,0.03488372093023256,0.029069767441860465,0.0,0.01744186046511628
negative_independent.txt_Q9BV99,0.08494208494208494,0.03474903474903475,0.04247104247104247,0.07335907335907337,0.08494208494208494,0.019305019305019305,0.003861003861003861,0.019305019305019305,0.015444015444015444,0.1891891891891892,0.003861003861003861,0.03474903474903475,0.07335907335907337,0.05405405405405406,0.06177606177606178,0.10038610038610038,0.03474903474903475,0.03088803088803089,0.023166023166023165,0.015444015444015444
negative_independent.txt_Q8N441,0.07539682539682539,0.01984126984126984,0.0496031746031746,0.025793650793650792,0.08928571428571429,0.01984126984126984,0.03373015873015873,0.02976190476190476,0.057539682539682536,0.09325396825396826,0.013888888888888888,0.017857142857142856,0.10912698412698413,0.037698412698412696,0.06746031746031746,0.07341269841269842,0.06746031746031746,0.07936507936507936,0.017857142857142856,0.021825396825396824
negative_independent.txt_Q9BSA9,0.10317460317460317,0.025793650793650792,0.037698412698412696,0.03373015873015873,0.051587301587301584,0.06746031746031746,0.031746031746031744,0.047619047619047616,0.013888888888888888,0.1527777777777778,0.023809523809523808,0.005952380952380952,0.06746031746031746,0.04365079365079365,0.05952380952380952,0.06349206349206349,0.05952380952380952,0.08134920634920635,0.00992063492063492,0.01984126984126984
negative_independent.txt_Q9H7T9,0.058823529411764705,0.0196078431372549,0.058823529411764705,0.06722689075630252,0.05322128851540616,0.03361344537815126,0.03361344537815126,0.028011204481792718,0.07563025210084033,0.08683473389355742,0.014005602240896359,0.047619047619047616,0.06162464985994398,0.07282913165266107,0.05042016806722689,0.09803921568627451,0.07563025210084033,0.03081232492997199,0.025210084033613446,0.008403361344537815
negative_independent.txt_Q13526,0.06134969325153374,0.012269938650306749,0.03680981595092025,0.09202453987730061,0.09202453987730061,0.04294478527607362,0.024539877300613498,0.049079754601226995,0.06134969325153374,0.05521472392638037,0.024539877300613498,0.03067484662576687,0.04294478527607362,0.049079754601226995,0.08588957055214724,0.1411042944785276,0.03680981595092025,0.024539877300613498,0.018404907975460124,0.018404907975460124
negative_independent.txt_Q9NXK8,0.05214723926380368,0.03374233128834356,0.03987730061349693,0.05521472392638037,0.05521472392638037,0.012269938650306749,0.03067484662576687,0.03374233128834356,0.03067484662576687,0.1901840490797546,0.03987730061349693,0.003067484662576687,0.06134969325153374,0.03374233128834356,0.09202453987730061,0.0736196319018405,0.05214723926380368,0.06748466257668712,0.024539877300613498,0.018404907975460124
negative_independent.txt_Q7Z7C8,0.08709677419354839,0.0032258064516129032,0.04516129032258064,0.08064516129032258,0.041935483870967745,0.025806451612903226,0.02258064516129032,0.03870967741935484,0.04838709677419355,0.07741935483870968,0.025806451612903226,0.035483870967741936,0.07741935483870968,0.05161290322580645,0.06451612903225806,0.0967741935483871,0.0935483870967742,0.054838709677419356,0.0,0.02903225806451613
negative_independent.txt_Q9UBU6,0.13317191283292978,0.01694915254237288,0.03389830508474576,0.05569007263922518,0.08232445520581114,0.043583535108958835,0.021791767554479417,0.05811138014527845,0.021791767554479417,0.06779661016949153,0.01937046004842615,0.012106537530266344,0.1089588377723971,0.03631961259079903,0.06537530266343826,0.07506053268765134,0.048426150121065374,0.06053268765133172,0.009685230024213076,0.029055690072639227
negative_independent.txt_Q14512,0.05555555555555555,0.04700854700854701,0.038461538461538464,0.07264957264957266,0.042735042735042736,0.038461538461538464,0.01282051282051282,0.02564102564102564,0.11965811965811966,0.09401709401709402,0.017094017094017096,0.03418803418803419,0.03418803418803419,0.05128205128205128,0.04700854700854701,0.08974358974358974,0.08974358974358974,0.06837606837606838,0.01282051282051282,0.008547008547008548
negative_independent.txt_Q9BYJ0,0.08520179372197309,0.04484304932735426,0.02242152466367713,0.06278026905829596,0.08968609865470852,0.03587443946188341,0.02242152466367713,0.004484304932735426,0.06278026905829596,0.08520179372197309,0.02242152466367713,0.017937219730941704,0.09417040358744394,0.08520179372197309,0.06278026905829596,0.05829596412556054,0.07174887892376682,0.03587443946188341,0.02242152466367713,0.013452914798206279
negative_independent.txt_Q9BZB8,0.06007067137809187,0.026501766784452298,0.06713780918727916,0.038869257950530034,0.0636042402826855,0.04240282685512368,0.026501766784452298,0.03356890459363958,0.04240282685512368,0.10070671378091872,0.019434628975265017,0.037102473498233215,0.07950530035335689,0.03180212014134275,0.06537102473498234,0.12897526501766785,0.04063604240282685,0.054770318021201414,0.02120141342756184,0.019434628975265017
negative_independent.txt_Q9BX59,0.10256410256410256,0.021367521367521368,0.042735042735042736,0.053418803418803416,0.07905982905982906,0.027777777777777776,0.017094017094017096,0.03632478632478633,0.021367521367521368,0.12606837606837606,0.019230769230769232,0.010683760683760684,0.05128205128205128,0.07051282051282051,0.04700854700854701,0.09401709401709402,0.0811965811965812,0.0641025641025641,0.017094017094017096,0.017094017094017096
negative_independent.txt_P26842,0.07307692307692308,0.08076923076923077,0.03461538461538462,0.06153846153846154,0.046153846153846156,0.03076923076923077,0.05,0.026923076923076925,0.03076923076923077,0.08461538461538462,0.019230769230769232,0.023076923076923078,0.1076923076923077,0.046153846153846156,0.07307692307692308,0.08076923076923077,0.057692307692307696,0.03461538461538462,0.019230769230769232,0.019230769230769232
negative_independent.txt_Q8IYJ0,0.07801418439716312,0.010638297872340425,0.03900709219858156,0.03900709219858156,0.10638297872340426,0.031914893617021274,0.02127659574468085,0.03546099290780142,0.010638297872340425,0.09574468085106383,0.014184397163120567,0.01773049645390071,0.17375886524822695,0.03900709219858156,0.08156028368794327,0.08156028368794327,0.04609929078014184,0.04609929078014184,0.02127659574468085,0.010638297872340425
negative_independent.txt_Q86WK6,0.04462474645030426,0.030425963488843813,0.05476673427991886,0.04462474645030426,0.05273833671399594,0.034482758620689655,0.036511156186612576,0.02028397565922921,0.04462474645030426,0.16024340770791076,0.02028397565922921,0.058823529411764705,0.056795131845841784,0.04665314401622718,0.04056795131845842,0.09127789046653144,0.05273833671399594,0.06693711967545639,0.014198782961460446,0.028397565922920892
negative_independent.txt_Q86WR6,0.05084745762711865,0.0211864406779661,0.05084745762711865,0.06779661016949153,0.046610169491525424,0.029661016949152543,0.03389830508474576,0.0211864406779661,0.11440677966101695,0.1271186440677966,0.025423728813559324,0.01694915254237288,0.06779661016949153,0.059322033898305086,0.06779661016949153,0.09322033898305085,0.0423728813559322,0.025423728813559324,0.01694915254237288,0.0211864406779661
negative_independent.txt_Q9H6U6,0.05064655172413793,0.02478448275862069,0.04418103448275862,0.052801724137931036,0.07650862068965517,0.036637931034482756,0.03017241379310345,0.04525862068965517,0.0334051724137931,0.07974137931034483,0.02693965517241379,0.0334051724137931,0.08189655172413793,0.04418103448275862,0.05172413793103448,0.11206896551724138,0.07004310344827586,0.07327586206896551,0.011853448275862068,0.020474137931034482
negative_independent.txt_Q92750,0.08816705336426914,0.016241299303944315,0.02088167053364269,0.04756380510440835,0.04988399071925754,0.013921113689095127,0.008120649651972157,0.048723897911832945,0.07192575406032482,0.10440835266821345,0.015081206496519721,0.0382830626450116,0.08236658932714618,0.06496519721577726,0.03248259860788863,0.0951276102088167,0.10208816705336426,0.09396751740139211,0.0,0.00580046403712297
negative_independent.txt_Q96N28,0.05232558139534884,0.005813953488372093,0.023255813953488372,0.0755813953488372,0.05232558139534884,0.005813953488372093,0.03488372093023256,0.06976744186046512,0.040697674418604654,0.10465116279069768,0.03488372093023256,0.046511627906976744,0.05232558139534884,0.01744186046511628,0.05813953488372093,0.10465116279069768,0.0755813953488372,0.09302325581395349,0.029069767441860465,0.023255813953488372
negative_independent.txt_Q9UIS9,0.0859504132231405,0.06446280991735537,0.05289256198347107,0.05785123966942149,0.08099173553719008,0.026446280991735537,0.013223140495867768,0.01487603305785124,0.06776859504132231,0.06776859504132231,0.008264462809917356,0.009917355371900827,0.10578512396694215,0.05454545454545454,0.1024793388429752,0.05950413223140496,0.05289256198347107,0.047933884297520664,0.013223140495867768,0.013223140495867768
negative_independent.txt_P84022,0.047058823529411764,0.03529411764705882,0.03294117647058824,0.06823529411764706,0.05647058823529412,0.03529411764705882,0.03529411764705882,0.04470588235294118,0.04470588235294118,0.08705882352941176,0.023529411764705882,0.058823529411764705,0.08470588235294117,0.047058823529411764,0.05176470588235294,0.07764705882352942,0.05411764705882353,0.06352941176470588,0.021176470588235293,0.03058823529411765
negative_independent.txt_Q13794,0.1111111111111111,0.037037037037037035,0.018518518518518517,0.05555555555555555,0.05555555555555555,0.05555555555555555,0.0,0.018518518518518517,0.1111111111111111,0.12962962962962962,0.018518518518518517,0.05555555555555555,0.07407407407407407,0.05555555555555555,0.09259259259259259,0.05555555555555555,0.037037037037037035,0.018518518518518517,0.0,0.0
negative_independent.txt_Q9BRT3,0.06086956521739131,0.02608695652173913,0.008695652173913044,0.1565217391304348,0.11304347826086956,0.034782608695652174,0.0,0.0782608695652174,0.034782608695652174,0.06956521739130435,0.008695652173913044,0.034782608695652174,0.08695652173913043,0.02608695652173913,0.043478260869565216,0.06956521739130435,0.043478260869565216,0.06956521739130435,0.0,0.034782608695652174
negative_independent.txt_Q8N0U2,0.09523809523809523,0.03333333333333333,0.03333333333333333,0.06666666666666667,0.0761904761904762,0.014285714285714285,0.009523809523809525,0.01904761904761905,0.014285714285714285,0.10952380952380952,0.014285714285714285,0.0,0.12380952380952381,0.023809523809523808,0.0380952380952381,0.11904761904761904,0.0761904761904762,0.07142857142857142,0.023809523809523808,0.0380952380952381
negative_independent.txt_O43189,0.059964726631393295,0.04056437389770723,0.042328042328042326,0.05114638447971781,0.10052910052910052,0.029982363315696647,0.02292768959435626,0.01763668430335097,0.042328042328042326,0.10052910052910052,0.012345679012345678,0.014109347442680775,0.10229276895943562,0.03880070546737213,0.08994708994708994,0.10582010582010581,0.029982363315696647,0.054673721340388004,0.019400352733686066,0.024691358024691357
negative_independent.txt_Q969P0,0.11419249592169657,0.01794453507340946,0.03099510603588907,0.06199021207177814,0.11908646003262642,0.011419249592169658,0.022838499184339316,0.01794453507340946,0.01794453507340946,0.10603588907014681,0.01468189233278956,0.0065252854812398045,0.0734094616639478,0.037520391517128875,0.0799347471451876,0.06199021207177814,0.053833605220228384,0.10114192495921696,0.01631321370309951,0.03425774877650897
negative_independent.txt_Q5TEC3,0.06972477064220184,0.047706422018348627,0.04954128440366973,0.09174311926605505,0.10458715596330276,0.04036697247706422,0.07339449541284404,0.01834862385321101,0.045871559633027525,0.06788990825688074,0.022018348623853212,0.022018348623853212,0.060550458715596334,0.031192660550458717,0.08807339449541285,0.08073394495412844,0.03669724770642202,0.03302752293577982,0.005504587155963303,0.011009174311926606
negative_independent.txt_Q9BUH6,0.11764705882352941,0.029411764705882353,0.05392156862745098,0.07352941176470588,0.09803921568627451,0.04411764705882353,0.0,0.00980392156862745,0.03431372549019608,0.11274509803921569,0.004901960784313725,0.00980392156862745,0.12745098039215685,0.024509803921568627,0.08333333333333333,0.06862745098039216,0.049019607843137254,0.0392156862745098,0.00980392156862745,0.00980392156862745
negative_independent.txt_Q9BTV6,0.07743362831858407,0.028761061946902654,0.05309734513274336,0.061946902654867256,0.0752212389380531,0.028761061946902654,0.048672566371681415,0.028761061946902654,0.03982300884955752,0.12168141592920353,0.024336283185840708,0.028761061946902654,0.05309734513274336,0.046460176991150445,0.05309734513274336,0.07743362831858407,0.059734513274336286,0.0420353982300885,0.035398230088495575,0.015486725663716814
negative_independent.txt_Q6UY11,0.08093994778067885,0.12010443864229765,0.06005221932114883,0.03655352480417755,0.11488250652741515,0.02610966057441253,0.033942558746736295,0.015665796344647518,0.015665796344647518,0.08877284595300261,0.013054830287206266,0.018276762402088774,0.09660574412532637,0.04177545691906005,0.06527415143603134,0.0391644908616188,0.044386422976501305,0.06527415143603134,0.010443864229765013,0.013054830287206266
negative_independent.txt_Q86WR7,0.11494252873563218,0.013793103448275862,0.04367816091954023,0.08045977011494253,0.09425287356321839,0.029885057471264367,0.01839080459770115,0.016091954022988506,0.022988505747126436,0.07816091954022988,0.009195402298850575,0.013793103448275862,0.1425287356321839,0.029885057471264367,0.09885057471264368,0.1103448275862069,0.041379310344827586,0.034482758620689655,0.004597701149425287,0.0022988505747126436
negative_independent.txt_Q86VZ6,0.053497942386831275,0.02880658436213992,0.037037037037037035,0.07407407407407407,0.05761316872427984,0.037037037037037035,0.037037037037037035,0.05761316872427984,0.06584362139917696,0.053497942386831275,0.0205761316872428,0.037037037037037035,0.07407407407407407,0.037037037037037035,0.06172839506172839,0.11934156378600823,0.07407407407407407,0.0411522633744856,0.00411522633744856,0.02880658436213992
negative_independent.txt_Q8IY22,0.062095730918499355,0.03234152652005175,0.047865459249676584,0.06727037516170763,0.047865459249676584,0.02457956015523933,0.02328589909443726,0.042690815006468305,0.056921086675291076,0.1448900388098318,0.0258732212160414,0.04398447606727038,0.05821474773609314,0.040103492884864166,0.04915912031047866,0.08408796895213454,0.055627425614489,0.056921086675291076,0.01164294954721863,0.02457956015523933
negative_independent.txt_Q7Z2X4,0.072,0.036,0.044,0.076,0.032,0.048,0.056,0.044,0.076,0.104,0.04,0.024,0.044,0.028,0.032,0.084,0.08,0.052,0.012,0.016
negative_independent.txt_Q14669,0.07429718875502007,0.01706827309236948,0.05220883534136546,0.06224899598393574,0.05973895582329317,0.0356425702811245,0.02108433734939759,0.03765060240963856,0.061746987951807226,0.10190763052208836,0.021586345381526106,0.0391566265060241,0.056726907630522086,0.055220883534136546,0.06375502008032129,0.10893574297188754,0.05321285140562249,0.05120481927710843,0.008032128514056224,0.01857429718875502
negative_independent.txt_Q1L5Z9,0.09283819628647215,0.03713527851458886,0.04774535809018567,0.09416445623342175,0.0610079575596817,0.029177718832891247,0.021220159151193633,0.029177718832891247,0.03978779840848806,0.13527851458885942,0.023872679045092837,0.03183023872679045,0.07559681697612732,0.038461538461538464,0.08090185676392574,0.06631299734748011,0.027851458885941646,0.046419098143236075,0.005305039787798408,0.015915119363395226
negative_independent.txt_P50552,0.11052631578947368,0.007894736842105263,0.021052631578947368,0.07894736842105263,0.11052631578947368,0.015789473684210527,0.010526315789473684,0.021052631578947368,0.05263157894736842,0.04736842105263158,0.021052631578947368,0.031578947368421054,0.14736842105263157,0.060526315789473685,0.060526315789473685,0.07894736842105263,0.039473684210526314,0.060526315789473685,0.013157894736842105,0.010526315789473684
negative_independent.txt_Q9H7J1,0.14695340501792115,0.007168458781362007,0.03225806451612903,0.07526881720430108,0.1039426523297491,0.03942652329749104,0.021505376344086023,0.025089605734767026,0.007168458781362007,0.07526881720430108,0.0035842293906810036,0.010752688172043012,0.1111111111111111,0.03225806451612903,0.15770609318996415,0.053763440860215055,0.021505376344086023,0.03942652329749104,0.014336917562724014,0.021505376344086023
negative_independent.txt_Q6IQ19,0.11851851851851852,0.014814814814814815,0.044444444444444446,0.1111111111111111,0.05555555555555555,0.007407407407407408,0.025925925925925925,0.007407407407407408,0.06666666666666667,0.044444444444444446,0.018518518518518517,0.022222222222222223,0.09259259259259259,0.05185185185185185,0.09259259259259259,0.0962962962962963,0.037037037037037035,0.040740740740740744,0.022222222222222223,0.02962962962962963
negative_independent.txt_P29966,0.3072289156626506,0.009036144578313253,0.018072289156626505,0.15963855421686746,0.10240963855421686,0.018072289156626505,0.0030120481927710845,0.0,0.08433734939759036,0.006024096385542169,0.0030120481927710845,0.018072289156626505,0.10542168674698796,0.02710843373493976,0.006024096385542169,0.0963855421686747,0.018072289156626505,0.018072289156626505,0.0,0.0
negative_independent.txt_Q9BSK0,0.12716763005780346,0.03468208092485549,0.017341040462427744,0.011560693641618497,0.08670520231213873,0.04046242774566474,0.03468208092485549,0.017341040462427744,0.023121387283236993,0.17341040462427745,0.023121387283236993,0.011560693641618497,0.07514450867052024,0.05202312138728324,0.06358381502890173,0.04046242774566474,0.028901734104046242,0.07514450867052024,0.017341040462427744,0.046242774566473986
negative_independent.txt_Q5T4F4,0.06569343065693431,0.043795620437956206,0.0364963503649635,0.0948905109489051,0.0535279805352798,0.043795620437956206,0.009732360097323601,0.009732360097323601,0.038929440389294405,0.1362530413625304,0.021897810218978103,0.0364963503649635,0.0705596107055961,0.031630170316301706,0.06326034063260341,0.09002433090024331,0.04866180048661801,0.0681265206812652,0.009732360097323601,0.0267639902676399
negative_independent.txt_Q7Z5G4,0.051094890510948905,0.029197080291970802,0.029197080291970802,0.10218978102189781,0.06569343065693431,0.0364963503649635,0.0072992700729927005,0.06569343065693431,0.058394160583941604,0.0948905109489051,0.021897810218978103,0.029197080291970802,0.0364963503649635,0.08029197080291971,0.072992700729927,0.051094890510948905,0.06569343065693431,0.043795620437956206,0.0,0.058394160583941604
negative_independent.txt_Q8NDV2,0.10385756676557864,0.03857566765578635,0.032640949554896145,0.020771513353115726,0.04154302670623145,0.050445103857566766,0.032640949554896145,0.032640949554896145,0.032640949554896145,0.16913946587537093,0.02373887240356083,0.02373887240356083,0.032640949554896145,0.026706231454005934,0.08011869436201781,0.0830860534124629,0.05637982195845697,0.08011869436201781,0.01483679525222552,0.02373887240356083
negative_independent.txt_Q8IYL2,0.07529722589167767,0.031704095112285335,0.04491413474240423,0.0845442536327609,0.08190224570673713,0.03302509907529723,0.022457067371202115,0.034346103038309116,0.05019815059445178,0.09379128137384413,0.007926023778071334,0.023778071334214,0.06737120211360634,0.04491413474240423,0.07793923381770146,0.0726552179656539,0.046235138705416116,0.059445178335535004,0.02774108322324967,0.019815059445178335
negative_independent.txt_Q9NVZ3,0.08745247148288973,0.0076045627376425855,0.053231939163498096,0.045627376425855515,0.11406844106463879,0.045627376425855515,0.0076045627376425855,0.04182509505703422,0.053231939163498096,0.057034220532319393,0.011406844106463879,0.030418250950570342,0.09505703422053231,0.06844106463878327,0.053231939163498096,0.06844106463878327,0.057034220532319393,0.060836501901140684,0.022813688212927757,0.019011406844106463
negative_independent.txt_P81877,0.055401662049861494,0.008310249307479225,0.0332409972299169,0.0332409972299169,0.14958448753462603,0.027700831024930747,0.019390581717451522,0.019390581717451522,0.019390581717451522,0.05817174515235457,0.0664819944598338,0.0664819944598338,0.16066481994459833,0.0332409972299169,0.038781163434903045,0.0997229916897507,0.030470914127423823,0.0332409972299169,0.013850415512465374,0.0332409972299169
negative_independent.txt_P56749,0.0778688524590164,0.040983606557377046,0.03278688524590164,0.012295081967213115,0.05327868852459016,0.05737704918032787,0.02459016393442623,0.05737704918032787,0.03278688524590164,0.13934426229508196,0.028688524590163935,0.036885245901639344,0.04918032786885246,0.01639344262295082,0.036885245901639344,0.10245901639344263,0.06147540983606557,0.06967213114754098,0.02459016393442623,0.045081967213114756
negative_independent.txt_Q8WUU5,0.08178438661710037,0.022304832713754646,0.026022304832713755,0.05204460966542751,0.12639405204460966,0.03345724907063197,0.026022304832713755,0.06319702602230483,0.08178438661710037,0.040892193308550186,0.011152416356877323,0.01486988847583643,0.07434944237918216,0.03717472118959108,0.04460966542750929,0.10037174721189591,0.07063197026022305,0.040892193308550186,0.011152416356877323,0.040892193308550186
negative_independent.txt_Q96L08,0.10588235294117647,0.03137254901960784,0.023529411764705882,0.0196078431372549,0.08235294117647059,0.027450980392156862,0.027450980392156862,0.023529411764705882,0.054901960784313725,0.09411764705882353,0.03137254901960784,0.027450980392156862,0.07450980392156863,0.047058823529411764,0.06274509803921569,0.10980392156862745,0.06666666666666667,0.06666666666666667,0.01568627450980392,0.00784313725490196
negative_independent.txt_Q8N6M9,0.041379310344827586,0.10344827586206896,0.08275862068965517,0.034482758620689655,0.05517241379310345,0.05517241379310345,0.07586206896551724,0.041379310344827586,0.1310344827586207,0.041379310344827586,0.020689655172413793,0.013793103448275862,0.08275862068965517,0.04827586206896552,0.034482758620689655,0.034482758620689655,0.027586206896551724,0.06206896551724138,0.0,0.013793103448275862
negative_independent.txt_Q96KW2,0.07053140096618357,0.008695652173913044,0.02608695652173913,0.03188405797101449,0.06763285024154589,0.04251207729468599,0.024154589371980676,0.03768115942028986,0.04057971014492753,0.07729468599033816,0.01932367149758454,0.02705314009661836,0.1323671497584541,0.03961352657004831,0.04830917874396135,0.1497584541062802,0.09178743961352658,0.043478260869565216,0.01352657004830918,0.007729468599033816
negative_independent.txt_Q5SWA1,0.047685834502103785,0.023842917251051893,0.06451612903225806,0.09817671809256662,0.06872370266479663,0.0364656381486676,0.019635343618513323,0.028050490883590462,0.04207573632538569,0.11220196353436185,0.008415147265077139,0.033660589060308554,0.08274894810659186,0.04908835904628331,0.04628330995792426,0.12061711079943899,0.043478260869565216,0.033660589060308554,0.0182328190743338,0.02244039270687237
negative_independent.txt_Q7Z589,0.0680786686838124,0.00529500756429652,0.02042360060514372,0.05068078668683813,0.038577912254160365,0.009077155824508321,0.01739788199697428,0.059757942511346446,0.060514372163388806,0.06202723146747353,0.0226928895612708,0.0226928895612708,0.09001512859304085,0.09833585476550681,0.028744326777609682,0.12934947049924356,0.11422087745839637,0.08850226928895613,0.0022692889561270802,0.0113464447806354
negative_independent.txt_Q7Z2X7,0.07207207207207207,0.0,0.07207207207207207,0.15315315315315314,0.08108108108108109,0.02702702702702703,0.0,0.04504504504504504,0.02702702702702703,0.06306306306306306,0.02702702702702703,0.02702702702702703,0.0990990990990991,0.0990990990990991,0.04504504504504504,0.07207207207207207,0.036036036036036036,0.05405405405405406,0.0,0.0
negative_independent.txt_Q9NXW9,0.08278145695364239,0.039735099337748346,0.039735099337748346,0.09271523178807947,0.076158940397351,0.039735099337748346,0.016556291390728478,0.033112582781456956,0.029801324503311258,0.10927152317880795,0.016556291390728478,0.009933774834437087,0.076158940397351,0.03642384105960265,0.09602649006622517,0.06622516556291391,0.033112582781456956,0.06622516556291391,0.023178807947019868,0.016556291390728478
negative_independent.txt_Q8IYK2,0.0841683366733467,0.018036072144288578,0.04408817635270541,0.06813627254509018,0.050100200400801605,0.006012024048096192,0.03206412825651302,0.02004008016032064,0.07214428857715431,0.12024048096192384,0.028056112224448898,0.03206412825651302,0.06412825651302605,0.06012024048096192,0.09819639278557114,0.04008016032064128,0.06012024048096192,0.06613226452905811,0.018036072144288578,0.018036072144288578
negative_independent.txt_Q6NTE8,0.06997084548104957,0.03498542274052478,0.037900874635568516,0.07580174927113703,0.08163265306122448,0.02040816326530612,0.014577259475218658,0.0058309037900874635,0.0641399416909621,0.07871720116618076,0.0058309037900874635,0.014577259475218658,0.07871720116618076,0.09329446064139942,0.07580174927113703,0.11370262390670553,0.043731778425655975,0.05830903790087463,0.026239067055393587,0.0058309037900874635
negative_independent.txt_Q6NUT3,0.11875,0.03125,0.022916666666666665,0.027083333333333334,0.07916666666666666,0.04375,0.029166666666666667,0.0375,0.016666666666666666,0.15416666666666667,0.025,0.01875,0.06041666666666667,0.022916666666666665,0.04791666666666667,0.06875,0.052083333333333336,0.07916666666666666,0.022916666666666665,0.041666666666666664
negative_independent.txt_A8MPS7,0.12693498452012383,0.030959752321981424,0.04024767801857585,0.07739938080495357,0.10526315789473684,0.04024767801857585,0.03715170278637771,0.006191950464396285,0.006191950464396285,0.12074303405572756,0.015479876160990712,0.006191950464396285,0.07120743034055728,0.02476780185758514,0.08978328173374613,0.05572755417956656,0.04953560371517028,0.07739938080495357,0.009287925696594427,0.009287925696594427
negative_independent.txt_Q8IYX3,0.05546492659053834,0.024469820554649267,0.052202283849918436,0.0701468189233279,0.057096247960848286,0.03099510603588907,0.03425774877650897,0.011419249592169658,0.06199021207177814,0.10929853181076672,0.021207177814029365,0.01794453507340946,0.08482871125611746,0.05057096247960848,0.0766721044045677,0.1370309951060359,0.04567699836867863,0.040783034257748776,0.004893964110929853,0.013050570962479609
negative_independent.txt_Q6E0U4,0.07563025210084033,0.008403361344537815,0.025210084033613446,0.04201680672268908,0.23109243697478993,0.029411764705882353,0.02100840336134454,0.02100840336134454,0.03571428571428571,0.04831932773109244,0.0063025210084033615,0.06932773109243698,0.0546218487394958,0.04831932773109244,0.029411764705882353,0.1407563025210084,0.03571428571428571,0.037815126050420166,0.023109243697478993,0.01680672268907563
negative_independent.txt_Q6UWL6,0.09745762711864407,0.01977401129943503,0.038135593220338986,0.05367231638418079,0.1059322033898305,0.03672316384180791,0.022598870056497175,0.01694915254237288,0.015536723163841809,0.1115819209039548,0.007062146892655367,0.01694915254237288,0.09887005649717515,0.03248587570621469,0.07062146892655367,0.08192090395480225,0.06497175141242938,0.0748587570621469,0.015536723163841809,0.018361581920903956
negative_independent.txt_Q9NVV9,0.03755868544600939,0.04225352112676056,0.051643192488262914,0.0892018779342723,0.014084507042253521,0.04225352112676056,0.03286384976525822,0.028169014084507043,0.10328638497652583,0.0892018779342723,0.014084507042253521,0.03755868544600939,0.09389671361502347,0.06572769953051644,0.06103286384976526,0.046948356807511735,0.04225352112676056,0.07511737089201878,0.004694835680751174,0.028169014084507043
negative_independent.txt_Q8IYG6,0.07749077490774908,0.01845018450184502,0.04981549815498155,0.06088560885608856,0.08487084870848709,0.005535055350553505,0.025830258302583026,0.00922509225092251,0.02214022140221402,0.14206642066420663,0.005535055350553505,0.023985239852398525,0.12546125461254612,0.04981549815498155,0.09225092250922509,0.09040590405904059,0.03136531365313653,0.055350553505535055,0.016605166051660517,0.012915129151291513
