#Name,A,C,D,E,G,F,H,I,K,L,M,N,P,Q,R,S,T,V,W,Y
positive_independent.txt_P00488,0.050546448087431695,0.012295081967213115,0.06420765027322405,0.06557377049180328,0.06830601092896176,0.04371584699453552,0.01912568306010929,0.05191256830601093,0.05191256830601093,0.06557377049180328,0.0273224043715847,0.0546448087431694,0.045081967213114756,0.036885245901639344,0.06147540983606557,0.06284153005464481,0.06147540983606557,0.09699453551912568,0.020491803278688523,0.03961748633879782
positive_independent.txt_Q13423,0.11694290976058933,0.011970534069981584,0.034990791896869246,0.03959484346224678,0.10773480662983426,0.03314917127071823,0.014732965009208104,0.06445672191528545,0.0570902394106814,0.10957642725598526,0.03222836095764273,0.03683241252302026,0.04880294659300184,0.03222836095764273,0.022099447513812154,0.058011049723756904,0.06537753222836096,0.07826887661141804,0.003683241252302026,0.03222836095764273
positive_independent.txt_P56181,0.08333333333333333,0.009259259259259259,0.027777777777777776,0.05555555555555555,0.05555555555555555,0.037037037037037035,0.027777777777777776,0.0,0.08333333333333333,0.10185185185185185,0.027777777777777776,0.037037037037037035,0.10185185185185185,0.07407407407407407,0.05555555555555555,0.1111111111111111,0.05555555555555555,0.027777777777777776,0.0,0.027777777777777776
positive_independent.txt_Q9UBM7,0.07789473684210527,0.02736842105263158,0.042105263157894736,0.016842105263157894,0.07789473684210527,0.06736842105263158,0.035789473684210524,0.05894736842105263,0.037894736842105266,0.11578947368421053,0.016842105263157894,0.035789473684210524,0.04421052631578947,0.031578947368421054,0.04421052631578947,0.04421052631578947,0.05263157894736842,0.06947368421052631,0.042105263157894736,0.061052631578947365
positive_independent.txt_Q9UDR5,0.0734341252699784,0.014038876889848811,0.04967602591792657,0.06695464362850972,0.08423326133909287,0.024838012958963283,0.032397408207343416,0.07019438444924406,0.06047516198704104,0.10907127429805616,0.03347732181425486,0.03455723542116631,0.05183585313174946,0.03131749460043196,0.042116630669546434,0.06263498920086392,0.04967602591792657,0.06371490280777538,0.0064794816414686825,0.038876889848812095
positive_independent.txt_Q8IWU9,0.05510204081632653,0.026530612244897958,0.05102040816326531,0.08979591836734693,0.05714285714285714,0.05714285714285714,0.02040816326530612,0.03469387755102041,0.07142857142857142,0.09591836734693877,0.02040816326530612,0.03469387755102041,0.04693877551020408,0.03877551020408163,0.05714285714285714,0.07346938775510205,0.05510204081632653,0.06326530612244897,0.00816326530612245,0.04285714285714286
positive_independent.txt_O95299,0.056338028169014086,0.016901408450704224,0.061971830985915494,0.061971830985915494,0.061971830985915494,0.036619718309859155,0.030985915492957747,0.05070422535211268,0.07887323943661972,0.10422535211267606,0.014084507042253521,0.030985915492957747,0.04225352112676056,0.04507042253521127,0.059154929577464786,0.0647887323943662,0.04788732394366197,0.0676056338028169,0.014084507042253521,0.05352112676056338
positive_independent.txt_O43920,0.04716981132075472,0.03773584905660377,0.04716981132075472,0.09433962264150944,0.08490566037735849,0.03773584905660377,0.03773584905660377,0.08490566037735849,0.10377358490566038,0.05660377358490566,0.02830188679245283,0.009433962264150943,0.0660377358490566,0.04716981132075472,0.09433962264150944,0.009433962264150943,0.04716981132075472,0.009433962264150943,0.018867924528301886,0.03773584905660377
positive_independent.txt_O75380,0.08064516129032258,0.04838709677419355,0.04838709677419355,0.06451612903225806,0.11290322580645161,0.04032258064516129,0.04032258064516129,0.04032258064516129,0.04838709677419355,0.06451612903225806,0.016129032258064516,0.03225806451612903,0.03225806451612903,0.04032258064516129,0.08870967741935484,0.024193548387096774,0.06451612903225806,0.08064516129032258,0.0,0.03225806451612903
positive_independent.txt_Q15800,0.051194539249146756,0.023890784982935155,0.034129692832764506,0.06143344709897611,0.040955631399317405,0.08873720136518772,0.05460750853242321,0.07167235494880546,0.05802047781569966,0.10580204778156997,0.020477815699658702,0.051194539249146756,0.04778156996587031,0.027303754266211604,0.030716723549488054,0.03754266211604096,0.051194539249146756,0.03754266211604096,0.03754266211604096,0.06825938566552901
positive_independent.txt_Q9BYZ2,0.05774278215223097,0.02099737532808399,0.03937007874015748,0.05511811023622047,0.07086614173228346,0.026246719160104987,0.026246719160104987,0.09448818897637795,0.07874015748031496,0.10498687664041995,0.02099737532808399,0.04461942257217848,0.04199475065616798,0.023622047244094488,0.03412073490813648,0.08661417322834646,0.06036745406824147,0.07611548556430446,0.02099737532808399,0.015748031496062992
positive_independent.txt_P56937,0.07917888563049853,0.02346041055718475,0.03812316715542522,0.05278592375366569,0.04985337243401759,0.05571847507331378,0.02346041055718475,0.05278592375366569,0.05571847507331378,0.1466275659824047,0.020527859237536656,0.05278592375366569,0.03812316715542522,0.0469208211143695,0.04398826979472141,0.07624633431085044,0.06451612903225806,0.04398826979472141,0.008797653958944282,0.026392961876832845
positive_independent.txt_P9WGY7,0.08814589665653495,0.00911854103343465,0.06458966565349544,0.08358662613981763,0.0797872340425532,0.02735562310030395,0.0182370820668693,0.05547112462006079,0.04939209726443769,0.0911854103343465,0.022796352583586626,0.028875379939209727,0.047872340425531915,0.03951367781155015,0.08434650455927052,0.041033434650455926,0.04939209726443769,0.08282674772036475,0.007598784194528876,0.028875379939209727
positive_independent.txt_O75489,0.08712121212121213,0.007575757575757576,0.06060606060606061,0.07196969696969698,0.045454545454545456,0.06060606060606061,0.01893939393939394,0.03409090909090909,0.045454545454545456,0.0946969696969697,0.007575757575757576,0.03409090909090909,0.06818181818181818,0.030303030303030304,0.08712121212121213,0.04924242424242424,0.045454545454545456,0.09848484848484848,0.01893939393939394,0.03409090909090909
positive_independent.txt_P03897,0.06956521739130435,0.008695652173913044,0.02608695652173913,0.043478260869565216,0.02608695652173913,0.06956521739130435,0.0,0.0782608695652174,0.02608695652173913,0.24347826086956523,0.06956521739130435,0.034782608695652174,0.06956521739130435,0.02608695652173913,0.008695652173913044,0.05217391304347826,0.06086956521739131,0.02608695652173913,0.034782608695652174,0.02608695652173913
positive_independent.txt_P21695,0.08595988538681948,0.03151862464183381,0.04011461318051576,0.07163323782234957,0.10315186246418338,0.04297994269340974,0.022922636103151862,0.07163323782234957,0.07163323782234957,0.08882521489971347,0.025787965616045846,0.04011461318051576,0.04297994269340974,0.045845272206303724,0.022922636103151862,0.03724928366762178,0.04297994269340974,0.09169054441260745,0.0057306590257879654,0.014326647564469915
positive_independent.txt_P56556,0.06493506493506493,0.012987012987012988,0.05194805194805195,0.05844155844155844,0.06493506493506493,0.05844155844155844,0.032467532467532464,0.03896103896103896,0.09090909090909091,0.045454545454545456,0.045454545454545456,0.01948051948051948,0.045454545454545456,0.025974025974025976,0.1038961038961039,0.045454545454545456,0.05844155844155844,0.09740259740259741,0.01948051948051948,0.01948051948051948
positive_independent.txt_Q02252,0.09906542056074766,0.014953271028037384,0.03925233644859813,0.05046728971962617,0.08224299065420561,0.03925233644859813,0.016822429906542057,0.05794392523364486,0.06355140186915888,0.08037383177570094,0.03551401869158879,0.05046728971962617,0.056074766355140186,0.03925233644859813,0.037383177570093455,0.06542056074766354,0.059813084112149535,0.08037383177570094,0.011214953271028037,0.020560747663551402
positive_independent.txt_O43674,0.08994708994708994,0.0,0.037037037037037035,0.07407407407407407,0.06878306878306878,0.05291005291005291,0.031746031746031744,0.06878306878306878,0.05291005291005291,0.09523809523809523,0.021164021164021163,0.015873015873015872,0.06349206349206349,0.010582010582010581,0.09523809523809523,0.042328042328042326,0.042328042328042326,0.06878306878306878,0.015873015873015872,0.05291005291005291
positive_independent.txt_P30038,0.10124333925399645,0.014209591474245116,0.05150976909413854,0.05328596802841918,0.07992895204262877,0.0497335701598579,0.023090586145648313,0.047957371225577264,0.06394316163410302,0.08348134991119005,0.014209591474245116,0.028419182948490232,0.06216696269982238,0.03907637655417407,0.046181172291296625,0.07282415630550622,0.047957371225577264,0.07282415630550622,0.017761989342806393,0.03019538188277087
positive_independent.txt_O96000,0.0872093023255814,0.029069767441860465,0.06976744186046512,0.08139534883720931,0.011627906976744186,0.01744186046511628,0.011627906976744186,0.05232558139534884,0.0755813953488372,0.03488372093023256,0.046511627906976744,0.029069767441860465,0.05232558139534884,0.10465116279069768,0.09883720930232558,0.023255813953488372,0.029069767441860465,0.05813953488372093,0.011627906976744186,0.0755813953488372
positive_independent.txt_P40939,0.08256880733944955,0.01703800786369594,0.04980340760157274,0.06028833551769332,0.0891218872870249,0.04062909567496723,0.011795543905635648,0.06028833551769332,0.09305373525557012,0.0982961992136304,0.02490170380078637,0.022280471821756225,0.04325032765399738,0.04193971166448231,0.04325032765399738,0.06290956749672345,0.04980340760157274,0.08387942332896461,0.001310615989515072,0.023591087811271297
positive_independent.txt_P03901,0.09183673469387756,0.030612244897959183,0.01020408163265306,0.02040816326530612,0.04081632653061224,0.030612244897959183,0.030612244897959183,0.07142857142857142,0.0,0.23469387755102042,0.10204081632653061,0.061224489795918366,0.02040816326530612,0.01020408163265306,0.01020408163265306,0.08163265306122448,0.05102040816326531,0.061224489795918366,0.0,0.04081632653061224
positive_independent.txt_Q96GD0,0.14189189189189189,0.02364864864864865,0.057432432432432436,0.06756756756756757,0.10472972972972973,0.037162162162162164,0.02027027027027027,0.013513513513513514,0.010135135135135136,0.13851351351351351,0.013513513513513514,0.013513513513513514,0.057432432432432436,0.02027027027027027,0.10472972972972973,0.0472972972972973,0.04054054054054054,0.06418918918918919,0.006756756756756757,0.016891891891891893
positive_independent.txt_O43676,0.09183673469387756,0.0,0.04081632653061224,0.08163265306122448,0.10204081632653061,0.07142857142857142,0.08163265306122448,0.02040816326530612,0.11224489795918367,0.061224489795918366,0.030612244897959183,0.02040816326530612,0.030612244897959183,0.02040816326530612,0.04081632653061224,0.04081632653061224,0.02040816326530612,0.05102040816326531,0.04081632653061224,0.04081632653061224
positive_independent.txt_P02753,0.0845771144278607,0.029850746268656716,0.08955223880597014,0.04975124378109453,0.06467661691542288,0.04975124378109453,0.009950248756218905,0.01990049751243781,0.05472636815920398,0.0945273631840796,0.024875621890547265,0.04477611940298507,0.024875621890547265,0.03980099502487562,0.07462686567164178,0.05970149253731343,0.04477611940298507,0.06965174129353234,0.029850746268656716,0.03980099502487562
positive_independent.txt_Q99714,0.13409961685823754,0.01532567049808429,0.038314176245210725,0.0421455938697318,0.11877394636015326,0.034482758620689655,0.007662835249042145,0.05363984674329502,0.0421455938697318,0.09961685823754789,0.022988505747126436,0.04597701149425287,0.04980842911877394,0.04980842911877394,0.0421455938697318,0.04597701149425287,0.04980842911877394,0.09578544061302682,0.0,0.011494252873563218
positive_independent.txt_Q9NRX3,0.08045977011494253,0.022988505747126436,0.06896551724137931,0.011494252873563218,0.06896551724137931,0.034482758620689655,0.011494252873563218,0.05747126436781609,0.08045977011494253,0.12643678160919541,0.034482758620689655,0.04597701149425287,0.08045977011494253,0.022988505747126436,0.09195402298850575,0.05747126436781609,0.011494252873563218,0.022988505747126436,0.022988505747126436,0.04597701149425287
positive_independent.txt_P49915,0.05627705627705628,0.01875901875901876,0.049062049062049064,0.07792207792207792,0.07503607503607504,0.04184704184704185,0.024531024531024532,0.07792207792207792,0.06926406926406926,0.08658008658008658,0.01875901875901876,0.03896103896103896,0.05483405483405483,0.030303030303030304,0.050505050505050504,0.05916305916305916,0.06204906204906205,0.08513708513708514,0.004329004329004329,0.01875901875901876
positive_independent.txt_Q16798,0.08609271523178808,0.018211920529801324,0.04966887417218543,0.054635761589403975,0.08112582781456953,0.041390728476821195,0.028145695364238412,0.059602649006622516,0.054635761589403975,0.10430463576158941,0.024834437086092714,0.0380794701986755,0.057947019867549666,0.0380794701986755,0.054635761589403975,0.039735099337748346,0.054635761589403975,0.06788079470198675,0.008278145695364239,0.0380794701986755
positive_independent.txt_P9WGR1,0.13382899628252787,0.0037174721189591076,0.055762081784386616,0.040892193308550186,0.10408921933085502,0.026022304832713755,0.01858736059479554,0.07434944237918216,0.03345724907063197,0.10037174721189591,0.03717472118959108,0.02973977695167286,0.048327137546468404,0.03717472118959108,0.048327137546468404,0.05947955390334572,0.048327137546468404,0.06319702602230483,0.01486988847583643,0.022304832713754646
positive_independent.txt_P37058,0.08387096774193549,0.025806451612903226,0.02258064516129032,0.05806451612903226,0.06129032258064516,0.04516129032258064,0.01935483870967742,0.08064516129032258,0.07096774193548387,0.13548387096774195,0.02258064516129032,0.03870967741935484,0.025806451612903226,0.02903225806451613,0.03225806451612903,0.06451612903225806,0.06129032258064516,0.07096774193548387,0.012903225806451613,0.03870967741935484
positive_independent.txt_P03923,0.04597701149425287,0.005747126436781609,0.017241379310344827,0.05747126436781609,0.16666666666666666,0.04597701149425287,0.0,0.06896551724137931,0.011494252873563218,0.10919540229885058,0.05747126436781609,0.022988505747126436,0.022988505747126436,0.0,0.017241379310344827,0.05747126436781609,0.022988505747126436,0.1781609195402299,0.028735632183908046,0.06321839080459771
positive_independent.txt_O95479,0.08849557522123894,0.012642225031605562,0.03792667509481669,0.0606826801517067,0.06826801517067003,0.04804045512010114,0.04424778761061947,0.03286978508217446,0.03413400758533502,0.1264222503160556,0.021491782553729456,0.025284450063211124,0.05815423514538559,0.06573957016434892,0.05941845764854614,0.07458912768647281,0.029077117572692796,0.06447534766118837,0.017699115044247787,0.03034134007585335
positive_independent.txt_P51970,0.05232558139534884,0.046511627906976744,0.06395348837209303,0.09302325581395349,0.046511627906976744,0.046511627906976744,0.03488372093023256,0.029069767441860465,0.09302325581395349,0.0872093023255814,0.011627906976744186,0.01744186046511628,0.08139534883720931,0.040697674418604654,0.06976744186046512,0.03488372093023256,0.046511627906976744,0.05232558139534884,0.023255813953488372,0.029069767441860465
positive_independent.txt_O95139,0.0,0.0,0.03125,0.0859375,0.046875,0.046875,0.046875,0.0546875,0.109375,0.078125,0.046875,0.015625,0.1015625,0.0390625,0.0625,0.0390625,0.0390625,0.078125,0.03125,0.046875
positive_independent.txt_Q16836,0.09554140127388536,0.0031847133757961785,0.050955414012738856,0.06369426751592357,0.06369426751592357,0.054140127388535034,0.025477707006369428,0.050955414012738856,0.09872611464968153,0.08280254777070063,0.028662420382165606,0.03184713375796178,0.03503184713375796,0.022292993630573247,0.028662420382165606,0.07643312101910828,0.07643312101910828,0.08917197452229299,0.0031847133757961785,0.01910828025477707
positive_independent.txt_Q99259,0.06902356902356903,0.021885521885521887,0.050505050505050504,0.06565656565656566,0.07407407407407407,0.050505050505050504,0.02356902356902357,0.05555555555555555,0.0707070707070707,0.09090909090909091,0.030303030303030304,0.04882154882154882,0.03872053872053872,0.04040404040404041,0.04713804713804714,0.06228956228956229,0.058922558922558925,0.05387205387205387,0.015151515151515152,0.03198653198653199
positive_independent.txt_P35222,0.10115236875800256,0.014084507042253521,0.05377720870678617,0.06145966709346991,0.07170294494238157,0.016645326504481434,0.034571062740076826,0.04225352112676056,0.03329065300896287,0.1203585147247119,0.03841229193341869,0.03969270166453265,0.04481434058898848,0.06274007682458387,0.0499359795134443,0.05377720870678617,0.06145966709346991,0.06914212548015365,0.008962868117797696,0.02176696542893726
positive_independent.txt_O14965,0.05955334987593052,0.017369727047146403,0.02729528535980149,0.07692307692307693,0.04714640198511166,0.03225806451612903,0.02977667493796526,0.034739454094292806,0.0794044665012407,0.10669975186104218,0.009925558312655087,0.04714640198511166,0.07444168734491315,0.06699751861042183,0.06451612903225806,0.08188585607940446,0.04218362282878412,0.062034739454094295,0.009925558312655087,0.02977667493796526
positive_independent.txt_Q99497,0.12698412698412698,0.015873015873015872,0.047619047619047616,0.07936507936507936,0.09523809523809523,0.015873015873015872,0.015873015873015872,0.05291005291005291,0.08465608465608465,0.09523809523809523,0.026455026455026454,0.031746031746031744,0.047619047619047616,0.021164021164021163,0.037037037037037035,0.047619047619047616,0.042328042328042326,0.10052910052910052,0.0,0.015873015873015872
positive_independent.txt_P68400,0.056265984654731455,0.005115089514066497,0.06905370843989769,0.056265984654731455,0.056265984654731455,0.03324808184143223,0.04092071611253197,0.05370843989769821,0.058823529411764705,0.08439897698209718,0.03836317135549872,0.043478260869565216,0.061381074168797956,0.030690537084398978,0.06649616368286446,0.0639386189258312,0.03324808184143223,0.07672634271099744,0.01278772378516624,0.058823529411764705
positive_independent.txt_P9WPB5,0.0728476821192053,0.013245033112582781,0.08278145695364239,0.0728476821192053,0.06622516556291391,0.052980132450331126,0.026490066225165563,0.04304635761589404,0.056291390728476824,0.09271523178807947,0.029801324503311258,0.026490066225165563,0.04304635761589404,0.033112582781456956,0.056291390728476824,0.052980132450331126,0.06291390728476821,0.046357615894039736,0.016556291390728478,0.052980132450331126
positive_independent.txt_P02743,0.04484304932735426,0.008968609865470852,0.04035874439461883,0.06278026905829596,0.06726457399103139,0.04932735426008968,0.017937219730941704,0.06278026905829596,0.053811659192825115,0.11210762331838565,0.008968609865470852,0.04035874439461883,0.05829596412556054,0.04035874439461883,0.04035874439461883,0.08520179372197309,0.04035874439461883,0.08520179372197309,0.026905829596412557,0.053811659192825115
positive_independent.txt_Q13370,0.06474820143884892,0.02877697841726619,0.04946043165467626,0.0737410071942446,0.06564748201438848,0.04136690647482014,0.02697841726618705,0.03866906474820144,0.03776978417266187,0.1196043165467626,0.014388489208633094,0.053057553956834536,0.06654676258992806,0.03776978417266187,0.06025179856115108,0.09712230215827339,0.03597122302158273,0.044964028776978415,0.02068345323741007,0.022482014388489208
positive_independent.txt_P46072,0.10550458715596331,0.013761467889908258,0.06880733944954129,0.0779816513761468,0.022935779816513763,0.04128440366972477,0.05045871559633028,0.06422018348623854,0.0779816513761468,0.0963302752293578,0.01834862385321101,0.045871559633027525,0.03669724770642202,0.03211009174311927,0.03211009174311927,0.08256880733944955,0.04128440366972477,0.045871559633027525,0.009174311926605505,0.03669724770642202
positive_independent.txt_P00183,0.0746987951807229,0.01927710843373494,0.05301204819277108,0.07951807228915662,0.060240963855421686,0.043373493975903614,0.03132530120481928,0.06265060240963856,0.02891566265060241,0.10120481927710843,0.02650602409638554,0.03132530120481928,0.07228915662650602,0.05542168674698795,0.06265060240963856,0.05783132530120482,0.04819277108433735,0.05783132530120482,0.012048192771084338,0.021686746987951807
positive_independent.txt_P12823,0.06611570247933884,0.016824085005903187,0.04043683589138135,0.06995277449822905,0.0808736717827627,0.029811097992916175,0.020070838252656435,0.06375442739079103,0.0628689492325856,0.09268004722550177,0.03778040141676505,0.03896103896103896,0.04279811097992916,0.029811097992916175,0.05873671782762692,0.05755608028335301,0.08028335301062574,0.06345926800472255,0.026564344746162927,0.02066115702479339
positive_independent.txt_O00204,0.043835616438356165,0.010958904109589041,0.06575342465753424,0.07123287671232877,0.07123287671232877,0.052054794520547946,0.019178082191780823,0.057534246575342465,0.052054794520547946,0.07671232876712329,0.024657534246575342,0.021917808219178082,0.10410958904109589,0.038356164383561646,0.0547945205479452,0.09315068493150686,0.043835616438356165,0.0410958904109589,0.024657534246575342,0.03287671232876712
positive_independent.txt_P0A0N5,0.0425531914893617,0.010638297872340425,0.015957446808510637,0.10638297872340426,0.0425531914893617,0.047872340425531915,0.015957446808510637,0.09042553191489362,0.12234042553191489,0.09042553191489362,0.015957446808510637,0.12234042553191489,0.005319148936170213,0.031914893617021274,0.010638297872340425,0.047872340425531915,0.05851063829787234,0.03723404255319149,0.015957446808510637,0.06914893617021277
positive_independent.txt_P07822,0.10810810810810811,0.0033783783783783786,0.057432432432432436,0.04391891891891892,0.060810810810810814,0.04391891891891892,0.016891891891891893,0.04391891891891892,0.02702702702702703,0.13175675675675674,0.0472972972972973,0.037162162162162164,0.07432432432432433,0.02702702702702703,0.06418918918918919,0.057432432432432436,0.04391891891891892,0.060810810810810814,0.02702702702702703,0.02364864864864865
positive_independent.txt_P37610,0.08833922261484099,0.0,0.05653710247349823,0.06713780918727916,0.04946996466431095,0.045936395759717315,0.04946996466431095,0.05653710247349823,0.03180212014134275,0.08833922261484099,0.007067137809187279,0.0353356890459364,0.07420494699646643,0.05653710247349823,0.07420494699646643,0.045936395759717315,0.06007067137809187,0.06007067137809187,0.02120141342756184,0.03180212014134275
positive_independent.txt_P54965,0.0425531914893617,0.015197568389057751,0.057750759878419454,0.060790273556231005,0.0668693009118541,0.05167173252279635,0.015197568389057751,0.07598784194528875,0.06990881458966565,0.08814589665653495,0.02735562310030395,0.1033434650455927,0.030395136778115502,0.0243161094224924,0.0243161094224924,0.0547112462006079,0.06990881458966565,0.0668693009118541,0.00911854103343465,0.04559270516717325
positive_independent.txt_P30405,0.05314009661835749,0.028985507246376812,0.04830917874396135,0.028985507246376812,0.12560386473429952,0.05314009661835749,0.024154589371980676,0.033816425120772944,0.07729468599033816,0.0821256038647343,0.01932367149758454,0.043478260869565216,0.05314009661835749,0.014492753623188406,0.04830917874396135,0.10628019323671498,0.05314009661835749,0.0821256038647343,0.00966183574879227,0.014492753623188406
positive_independent.txt_P04958,0.03954372623574144,0.0076045627376425855,0.06692015209125475,0.053231939163498096,0.04790874524714829,0.04258555133079848,0.01064638783269962,0.10190114068441064,0.08136882129277566,0.08669201520912548,0.019011406844106463,0.09201520912547528,0.0403041825095057,0.03269961977186312,0.028897338403041824,0.0752851711026616,0.05551330798479087,0.04790874524714829,0.00988593155893536,0.06007604562737642
positive_independent.txt_Q9L9D7,0.09930313588850175,0.006968641114982578,0.08536585365853659,0.047038327526132406,0.08885017421602788,0.036585365853658534,0.01916376306620209,0.04529616724738676,0.0156794425087108,0.08710801393728224,0.01916376306620209,0.033101045296167246,0.059233449477351915,0.02264808362369338,0.05574912891986063,0.06794425087108014,0.06445993031358885,0.09407665505226481,0.02264808362369338,0.029616724738675958
positive_independent.txt_P00722,0.0751953125,0.015625,0.0625,0.060546875,0.0693359375,0.037109375,0.033203125,0.0380859375,0.01953125,0.09375,0.0234375,0.0458984375,0.060546875,0.056640625,0.064453125,0.05859375,0.0546875,0.0625,0.0380859375,0.0302734375
positive_independent.txt_P04190,0.04669260700389105,0.007782101167315175,0.042801556420233464,0.0622568093385214,0.08949416342412451,0.019455252918287938,0.027237354085603113,0.058365758754863814,0.10116731517509728,0.11673151750972763,0.011673151750972763,0.06614785992217899,0.019455252918287938,0.027237354085603113,0.019455252918287938,0.0622568093385214,0.08171206225680934,0.10505836575875487,0.01556420233463035,0.019455252918287938
positive_independent.txt_P00808,0.11074918566775244,0.006514657980456026,0.0781758957654723,0.07166123778501629,0.05211726384364821,0.029315960912052116,0.003257328990228013,0.04560260586319218,0.09446254071661238,0.10749185667752444,0.019543973941368076,0.05537459283387622,0.03908794788273615,0.029315960912052116,0.048859934853420196,0.04560260586319218,0.0749185667752443,0.05537459283387622,0.013029315960912053,0.019543973941368076
positive_independent.txt_P22939,0.14046822742474915,0.013377926421404682,0.09364548494983277,0.04013377926421405,0.07692307692307693,0.026755852842809364,0.023411371237458192,0.05016722408026756,0.043478260869565216,0.13043478260869565,0.023411371237458192,0.016722408026755852,0.04013377926421405,0.06020066889632107,0.06020066889632107,0.05351170568561873,0.04013377926421405,0.046822742474916385,0.0,0.020066889632107024
positive_independent.txt_P39126,0.09929078014184398,0.004728132387706856,0.04964539007092199,0.09456264775413711,0.08747044917257683,0.03546099290780142,0.01182033096926714,0.0851063829787234,0.07565011820330969,0.06855791962174941,0.016548463356973995,0.05200945626477541,0.04018912529550828,0.02364066193853428,0.03309692671394799,0.04491725768321513,0.054373522458628844,0.07328605200945626,0.014184397163120567,0.03546099290780142
positive_independent.txt_P0A7E1,0.0744047619047619,0.011904761904761904,0.05952380952380952,0.050595238095238096,0.09523809523809523,0.03273809523809524,0.017857142857142856,0.08928571428571429,0.0625,0.10714285714285714,0.020833333333333332,0.05357142857142857,0.05654761904761905,0.041666666666666664,0.050595238095238096,0.03571428571428571,0.047619047619047616,0.0625,0.0,0.02976190476190476
positive_independent.txt_P27696,0.12701252236135957,0.0035778175313059034,0.059033989266547404,0.044722719141323794,0.07692307692307693,0.03220035778175313,0.01967799642218247,0.05008944543828265,0.03398926654740608,0.09302325581395349,0.03041144901610018,0.04114490161001789,0.0518783542039356,0.057245080500894455,0.05366726296958855,0.059033989266547404,0.03398926654740608,0.09838998211091235,0.01073345259391771,0.023255813953488372
positive_independent.txt_P08870,0.107981220657277,0.009389671361502348,0.056338028169014086,0.08450704225352113,0.09389671361502347,0.056338028169014086,0.023474178403755867,0.07042253521126761,0.056338028169014086,0.10328638497652583,0.018779342723004695,0.018779342723004695,0.028169014084507043,0.03286384976525822,0.06103286384976526,0.04225352112676056,0.04225352112676056,0.056338028169014086,0.0,0.03755868544600939
positive_independent.txt_P23367,0.12195121951219512,0.011382113821138212,0.04552845528455285,0.06991869918699187,0.05203252032520325,0.02113821138211382,0.027642276422764227,0.061788617886178863,0.03577235772357724,0.11382113821138211,0.011382113821138212,0.032520325203252036,0.07479674796747968,0.07317073170731707,0.06991869918699187,0.04715447154471545,0.03902439024390244,0.061788617886178863,0.011382113821138212,0.01788617886178862
positive_independent.txt_P9WI81,0.10862619808306709,0.003194888178913738,0.07348242811501597,0.04313099041533546,0.08146964856230032,0.023961661341853034,0.019169329073482427,0.052715654952076675,0.02875399361022364,0.0670926517571885,0.01597444089456869,0.04153354632587859,0.07188498402555911,0.038338658146964855,0.06070287539936102,0.06389776357827476,0.07348242811501597,0.10702875399361023,0.004792332268370607,0.020766773162939296
positive_independent.txt_P55055,0.07173913043478261,0.02826086956521739,0.04782608695652174,0.07608695652173914,0.0782608695652174,0.0391304347826087,0.015217391304347827,0.0391304347826087,0.05217391304347826,0.08260869565217391,0.021739130434782608,0.015217391304347827,0.0782608695652174,0.0782608695652174,0.07608695652173914,0.0891304347826087,0.03695652173913044,0.05,0.008695652173913044,0.015217391304347827
positive_independent.txt_P08164,0.07720588235294118,0.0,0.08455882352941177,0.08455882352941177,0.08823529411764706,0.03676470588235294,0.014705882352941176,0.04411764705882353,0.08823529411764706,0.09926470588235294,0.022058823529411766,0.011029411764705883,0.03308823529411765,0.06985294117647059,0.04411764705882353,0.05514705882352941,0.058823529411764705,0.04779411764705882,0.011029411764705883,0.029411764705882353
positive_independent.txt_P04075,0.11538461538461539,0.02197802197802198,0.038461538461538464,0.06593406593406594,0.08241758241758242,0.02197802197802198,0.024725274725274724,0.054945054945054944,0.07142857142857142,0.09340659340659341,0.01098901098901099,0.038461538461538464,0.0521978021978022,0.046703296703296704,0.04120879120879121,0.054945054945054944,0.06043956043956044,0.06043956043956044,0.008241758241758242,0.03571428571428571
positive_independent.txt_P23526,0.09027777777777778,0.023148148148148147,0.06018518518518518,0.0625,0.08564814814814815,0.02546296296296296,0.02546296296296296,0.07407407407407407,0.06712962962962964,0.08796296296296297,0.037037037037037035,0.046296296296296294,0.037037037037037035,0.03009259259259259,0.03935185185185185,0.032407407407407406,0.05555555555555555,0.07175925925925926,0.013888888888888888,0.034722222222222224
positive_independent.txt_P00751,0.04450261780104712,0.031413612565445025,0.060209424083769635,0.06282722513089005,0.08507853403141362,0.0274869109947644,0.02356020942408377,0.049738219895287955,0.0693717277486911,0.07591623036649214,0.015706806282722512,0.03926701570680628,0.05366492146596859,0.04712041884816754,0.049738219895287955,0.07329842931937172,0.056282722513089,0.07460732984293193,0.017015706806282723,0.04319371727748691
positive_independent.txt_P09874,0.06607495069033531,0.013806706114398421,0.0611439842209073,0.07396449704142012,0.07001972386587771,0.029585798816568046,0.01873767258382643,0.047337278106508875,0.1242603550295858,0.08875739644970414,0.02465483234714004,0.03550295857988166,0.04339250493096647,0.03353057199211045,0.03254437869822485,0.08382642998027613,0.04142011834319527,0.0670611439842209,0.01282051282051282,0.03155818540433925
positive_independent.txt_P9WNG3,0.1582089552238806,0.011940298507462687,0.06865671641791045,0.03880597014925373,0.10746268656716418,0.03582089552238806,0.011940298507462687,0.05970149253731343,0.020895522388059702,0.06865671641791045,0.029850746268656716,0.029850746268656716,0.050746268656716415,0.029850746268656716,0.05970149253731343,0.05373134328358209,0.06567164179104477,0.07164179104477612,0.008955223880597015,0.01791044776119403
positive_independent.txt_P53355,0.06433566433566433,0.024475524475524476,0.05944055944055944,0.06083916083916084,0.06083916083916084,0.03566433566433566,0.033566433566433566,0.05174825174825175,0.055944055944055944,0.11748251748251748,0.02027972027972028,0.04965034965034965,0.045454545454545456,0.03986013986013986,0.05384615384615385,0.07412587412587412,0.046153846153846156,0.06993006993006994,0.009790209790209791,0.026573426573426574
positive_independent.txt_P00322,0.043478260869565216,0.021739130434782608,0.06521739130434782,0.13768115942028986,0.10144927536231885,0.036231884057971016,0.0,0.10869565217391304,0.07246376811594203,0.057971014492753624,0.036231884057971016,0.057971014492753624,0.021739130434782608,0.014492753623188406,0.014492753623188406,0.057971014492753624,0.036231884057971016,0.07246376811594203,0.021739130434782608,0.021739130434782608
positive_independent.txt_P31224,0.10009532888465204,0.0019065776930409914,0.044804575786463297,0.047664442326024785,0.08484270734032412,0.05147759771210677,0.010486177311725452,0.06863679694947569,0.04099142040038131,0.09723546234509056,0.04003813155386082,0.037178265014299335,0.042897998093422304,0.04575786463298379,0.03622497616777884,0.05910390848427073,0.06387035271687322,0.09246901811248809,0.008579599618684462,0.025738798856053385
positive_independent.txt_Q9NZD2,0.09569377990430622,0.014354066985645933,0.03827751196172249,0.07655502392344497,0.0430622009569378,0.04784688995215311,0.019138755980861243,0.06698564593301436,0.0861244019138756,0.11483253588516747,0.028708133971291867,0.04784688995215311,0.05263157894736842,0.03827751196172249,0.028708133971291867,0.028708133971291867,0.05263157894736842,0.05741626794258373,0.014354066985645933,0.04784688995215311
positive_independent.txt_P05042,0.12205567451820129,0.014989293361884369,0.04068522483940043,0.07066381156316917,0.0728051391862955,0.023554603854389723,0.032119914346895075,0.047109207708779445,0.05139186295503212,0.11134903640256959,0.03854389721627409,0.055674518201284794,0.04068522483940043,0.03854389721627409,0.044967880085653104,0.059957173447537475,0.05353319057815846,0.06209850107066381,0.010706638115631691,0.008565310492505354
positive_independent.txt_P0A2Y7,0.07731958762886598,0.0,0.06443298969072164,0.08505154639175258,0.0979381443298969,0.020618556701030927,0.020618556701030927,0.06443298969072164,0.061855670103092786,0.06958762886597938,0.030927835051546393,0.03350515463917526,0.03865979381443299,0.03350515463917526,0.07216494845360824,0.04381443298969072,0.05670103092783505,0.09278350515463918,0.007731958762886598,0.028350515463917526
positive_independent.txt_Q02834,0.11282843894899536,0.0030911901081916537,0.06027820710973725,0.03400309119010819,0.1035548686244204,0.02627511591962906,0.015455950540958269,0.04173106646058733,0.012364760432766615,0.06646058732612056,0.00927357032457496,0.03400309119010819,0.07418856259659969,0.04791344667697063,0.07418856259659969,0.07882534775888717,0.08809891808346214,0.06800618238021638,0.015455950540958269,0.03400309119010819
positive_independent.txt_Q9X0N8,0.04090909090909091,0.004545454545454545,0.06818181818181818,0.08181818181818182,0.05454545454545454,0.06363636363636363,0.013636363636363636,0.05909090909090909,0.08636363636363636,0.10454545454545454,0.013636363636363636,0.04090909090909091,0.05454545454545454,0.013636363636363636,0.05909090909090909,0.045454545454545456,0.06363636363636363,0.08636363636363636,0.00909090909090909,0.03636363636363636
positive_independent.txt_P51161,0.03125,0.0,0.0390625,0.0859375,0.1015625,0.0625,0.0234375,0.046875,0.09375,0.0390625,0.046875,0.046875,0.0078125,0.0546875,0.0234375,0.0703125,0.09375,0.09375,0.0078125,0.03125
positive_independent.txt_Q8XB74,0.10179640718562874,0.0029940119760479044,0.05089820359281437,0.05089820359281437,0.0718562874251497,0.04790419161676647,0.020958083832335328,0.03592814371257485,0.06287425149700598,0.10778443113772455,0.020958083832335328,0.041916167664670656,0.08383233532934131,0.03293413173652695,0.05389221556886228,0.04790419161676647,0.04491017964071856,0.05688622754491018,0.023952095808383235,0.038922155688622756
positive_independent.txt_P0AFG8,0.08117249154453213,0.006764374295377677,0.058624577226606536,0.08004509582863585,0.08906426155580609,0.038331454340473504,0.02593010146561443,0.06426155580608793,0.05411499436302142,0.07891770011273957,0.02480270574971815,0.04284103720405862,0.040586245772266064,0.046223224351747465,0.0552423900789177,0.048478015783540024,0.04735062006764374,0.05749718151071026,0.012401352874859075,0.04735062006764374
positive_independent.txt_Q53ZE5,0.08038585209003216,0.00964630225080386,0.04180064308681672,0.07717041800643087,0.08681672025723473,0.06430868167202572,0.01607717041800643,0.08038585209003216,0.0707395498392283,0.10289389067524116,0.028938906752411574,0.05787781350482315,0.05466237942122187,0.03536977491961415,0.01607717041800643,0.05144694533762058,0.05144694533762058,0.03858520900321544,0.0,0.03536977491961415
positive_independent.txt_P03366,0.06703524533517623,0.013821700069108501,0.04284727021423635,0.0746371803731859,0.07394609536973047,0.024187975120939877,0.018659295093296474,0.07049067035245335,0.08707671043538355,0.07601935038009675,0.02073255010366275,0.04077401520387008,0.05459571527297857,0.06565307532826538,0.04630269523151347,0.043538355217691775,0.06219765031098825,0.06496199032480995,0.025570145127850726,0.026952315134761574
positive_independent.txt_P0C0X1,0.1619718309859155,0.0035211267605633804,0.07394366197183098,0.03873239436619718,0.1056338028169014,0.01056338028169014,0.02112676056338028,0.03873239436619718,0.017605633802816902,0.09507042253521127,0.017605633802816902,0.02112676056338028,0.056338028169014086,0.02464788732394366,0.07394366197183098,0.045774647887323945,0.035211267605633804,0.13028169014084506,0.017605633802816902,0.01056338028169014
positive_independent.txt_P0C0X2,0.14432989690721648,0.010309278350515464,0.06872852233676977,0.048109965635738834,0.09621993127147767,0.027491408934707903,0.024054982817869417,0.030927835051546393,0.013745704467353952,0.08934707903780069,0.024054982817869417,0.013745704467353952,0.037800687285223365,0.01718213058419244,0.08934707903780069,0.041237113402061855,0.08247422680412371,0.11683848797250859,0.013745704467353952,0.010309278350515464
positive_independent.txt_P02675,0.04684317718940937,0.024439918533604887,0.05702647657841141,0.06109979633401222,0.0855397148676171,0.024439918533604887,0.018329938900203666,0.032586558044806514,0.07331975560081466,0.07331975560081466,0.03665987780040733,0.06517311608961303,0.04684317718940937,0.05295315682281059,0.05702647657841141,0.06924643584521385,0.04684317718940937,0.05702647657841141,0.028513238289205704,0.04276985743380855
positive_independent.txt_P07711,0.07507507507507508,0.024024024024024024,0.04504504504504504,0.08708708708708708,0.0960960960960961,0.04804804804804805,0.021021021021021023,0.02702702702702703,0.06306306306306306,0.05405405405405406,0.04504504504504504,0.057057057057057055,0.036036036036036036,0.03903903903903904,0.03903903903903904,0.06906906906906907,0.042042042042042045,0.057057057057057055,0.02702702702702703,0.04804804804804805
positive_independent.txt_P02458,0.09011432414256892,0.012777404169468728,0.04169468728984533,0.0531271015467384,0.2730329522528581,0.016812373907195696,0.005379959650302623,0.022864828513786146,0.04505716207128446,0.03765971755211836,0.010759919300605245,0.02151983860121049,0.18157363819771352,0.04034969737726967,0.0484196368527236,0.03227975790181574,0.029589778076664425,0.025554808338937456,0.004707464694014795,0.006724949562878279
positive_independent.txt_P09486,0.0594059405940594,0.04950495049504951,0.07590759075907591,0.11221122112211221,0.0462046204620462,0.0462046204620462,0.039603960396039604,0.039603960396039604,0.066006600660066,0.09570957095709572,0.0165016501650165,0.0462046204620462,0.0594059405940594,0.033003300330033,0.033003300330033,0.0231023102310231,0.056105610561056105,0.066006600660066,0.013201320132013201,0.0231023102310231
positive_independent.txt_Q2TU84,0.08232445520581114,0.009685230024213076,0.04600484261501211,0.06537530266343826,0.06537530266343826,0.05569007263922518,0.021791767554479417,0.04600484261501211,0.05084745762711865,0.08958837772397095,0.014527845036319613,0.06053268765133172,0.05811138014527845,0.03631961259079903,0.053268765133171914,0.06537530266343826,0.053268765133171914,0.07506053268765134,0.021791767554479417,0.029055690072639227
