#name,0,1,2,3,4,5,6,7,8,9,10,11,12,13,14,15,16,17,18,19
positive_train.txt_sp|P48728|GCST_HUMAN,0.08436724565756824,0.02481389578163772,0.04714640198511166,0.04714640198511166,0.08684863523573201,0.02481389578163772,0.02729528535980149,0.02481389578163772,0.04218362282878412,0.11910669975186104,0.03722084367245657,0.02729528535980149,0.052109181141439205,0.04218362282878412,0.06947890818858561,0.05955334987593052,0.05459057071960298,0.09925558312655088,0.007444168734491315,0.022332506203473945
positive_train.txt_sp|P21728|DRD1_HUMAN,0.08744394618834081,0.03587443946188341,0.033632286995515695,0.03811659192825112,0.04035874439461883,0.06053811659192825,0.01569506726457399,0.08520179372197309,0.042600896860986545,0.09192825112107623,0.020179372197309416,0.04708520179372197,0.04708520179372197,0.020179372197309416,0.04484304932735426,0.10538116591928251,0.06502242152466367,0.07623318385650224,0.020179372197309416,0.02242152466367713
positive_train.txt_sp|P51168|SCNNB_HUMAN,0.0625,0.034375,0.040625,0.059375,0.059375,0.046875,0.0265625,0.0625,0.040625,0.096875,0.0296875,0.05625,0.059375,0.0421875,0.0421875,0.0703125,0.0578125,0.0453125,0.021875,0.0453125
positive_train.txt_sp|P02452|CO1A1_HUMAN,0.09494535519125682,0.012295081967213115,0.045081967213114756,0.05122950819672131,0.26707650273224043,0.018442622950819672,0.006147540983606557,0.01639344262295082,0.0389344262295082,0.03278688524590164,0.008879781420765027,0.01912568306010929,0.18989071038251365,0.03346994535519126,0.04849726775956284,0.040983606557377046,0.030737704918032786,0.03210382513661202,0.004098360655737705,0.008879781420765027
positive_train.txt_sp|P06213|INSR_HUMAN,0.04775687409551375,0.03400868306801737,0.05065123010130246,0.07670043415340087,0.06657018813314038,0.0426917510853835,0.026772793053545588,0.04775687409551375,0.04848046309696093,0.09840810419681621,0.02170767004341534,0.05209840810419682,0.059334298118668596,0.027496382054992764,0.059334298118668596,0.07597684515195369,0.049927641099855286,0.06295224312590449,0.01447178002894356,0.03690303907380608
positive_train.txt_sp|P0A560|EMBA_MYCTU,0.13711151736745886,0.006398537477148081,0.04113345521023766,0.02102376599634369,0.09780621572212066,0.038391224862888484,0.010968921389396709,0.048446069469835464,0.019195612431444242,0.1170018281535649,0.012797074954296161,0.024680073126142597,0.0740402193784278,0.027422303473491772,0.062157221206581355,0.055758683729433274,0.06764168190127971,0.0886654478976234,0.02376599634369287,0.025594149908592323
positive_train.txt_sp|P00734|THRB_HUMAN,0.06752411575562701,0.04180064308681672,0.05627009646302251,0.0819935691318328,0.07877813504823152,0.03376205787781351,0.02090032154340836,0.03536977491961415,0.04662379421221865,0.0819935691318328,0.014469453376205787,0.04019292604501608,0.05305466237942122,0.04180064308681672,0.0707395498392283,0.06109324758842444,0.05787781350482315,0.0594855305466238,0.022508038585209004,0.03376205787781351
positive_train.txt_sp|P30273|FCERG_HUMAN,0.08139534883720931,0.023255813953488372,0.023255813953488372,0.06976744186046512,0.046511627906976744,0.011627906976744186,0.011627906976744186,0.06976744186046512,0.05813953488372093,0.19767441860465115,0.011627906976744186,0.011627906976744186,0.046511627906976744,0.05813953488372093,0.03488372093023256,0.03488372093023256,0.06976744186046512,0.06976744186046512,0.0,0.06976744186046512
positive_train.txt_sp|P13716|HEM2_HUMAN,0.12121212121212122,0.024242424242424242,0.05454545454545454,0.06060606060606061,0.0696969696969697,0.03636363636363636,0.02727272727272727,0.03636363636363636,0.03636363636363636,0.10606060606060606,0.03333333333333333,0.015151515151515152,0.06666666666666667,0.030303030303030304,0.0696969696969697,0.05757575757575758,0.03333333333333333,0.07575757575757576,0.00909090909090909,0.03636363636363636
positive_train.txt_sp|O43246|CTR4_HUMAN,0.11181102362204724,0.012598425196850394,0.023622047244094488,0.029921259842519685,0.08346456692913386,0.05669291338582677,0.025196850393700787,0.048818897637795275,0.012598425196850394,0.15590551181102363,0.025196850393700787,0.01732283464566929,0.05669291338582677,0.03307086614173228,0.03622047244094488,0.08976377952755905,0.047244094488188976,0.08188976377952756,0.01889763779527559,0.03307086614173228
positive_train.txt_sp|P64143|HPPK_MYCTU,0.12234042553191489,0.015957446808510637,0.06382978723404255,0.06382978723404255,0.05851063829787234,0.026595744680851064,0.02127659574468085,0.031914893617021274,0.0,0.12234042553191489,0.005319148936170213,0.026595744680851064,0.0797872340425532,0.031914893617021274,0.11170212765957446,0.05319148936170213,0.047872340425531915,0.0851063829787234,0.02127659574468085,0.010638297872340425
positive_train.txt_sp|P06818|NRAM_I79A0,0.029850746268656716,0.046908315565031986,0.0511727078891258,0.04904051172707889,0.08315565031982942,0.02771855010660981,0.019189765458422176,0.08315565031982942,0.046908315565031986,0.046908315565031986,0.014925373134328358,0.06183368869936034,0.04477611940298507,0.02771855010660981,0.053304904051172705,0.1023454157782516,0.07249466950959488,0.0767590618336887,0.0255863539445629,0.03624733475479744
positive_train.txt_sp|P14780|MMP9_HUMAN,0.07213578500707214,0.026874115983026876,0.07637906647807638,0.04101838755304102,0.09476661951909476,0.06223479490806223,0.019801980198019802,0.019801980198019802,0.031117397454031116,0.0876944837340877,0.01272984441301273,0.019801980198019802,0.08345120226308345,0.036775106082036775,0.06930693069306931,0.06223479490806223,0.07072135785007072,0.055162659123055166,0.019801980198019802,0.03818953323903819
positive_train.txt_sp|P34995|PE2R1_HUMAN,0.16169154228855723,0.02736318407960199,0.009950248756218905,0.012437810945273632,0.10199004975124377,0.029850746268656716,0.017412935323383085,0.01990049751243781,0.0024875621890547263,0.16417910447761194,0.017412935323383085,0.012437810945273632,0.06965174129353234,0.01990049751243781,0.0945273631840796,0.09950248756218906,0.03233830845771144,0.07213930348258707,0.024875621890547265,0.009950248756218905
positive_train.txt_sp|P51843|NR0B1_HUMAN,0.08723404255319149,0.04893617021276596,0.029787234042553193,0.05319148936170213,0.08297872340425531,0.029787234042553193,0.02127659574468085,0.029787234042553193,0.036170212765957444,0.1148936170212766,0.023404255319148935,0.023404255319148935,0.07659574468085106,0.06170212765957447,0.06170212765957447,0.06382978723404255,0.05531914893617021,0.05106382978723404,0.02127659574468085,0.027659574468085105
positive_train.txt_sp|P28702|RXRB_HUMAN,0.07692307692307693,0.0300187617260788,0.0525328330206379,0.054409005628517824,0.1125703564727955,0.028142589118198873,0.020637898686679174,0.03189493433395872,0.04690431519699812,0.08630393996247655,0.0225140712945591,0.01876172607879925,0.12195121951219512,0.0375234521575985,0.07129455909943715,0.08067542213883677,0.0300187617260788,0.0525328330206379,0.009380863039399626,0.0150093808630394
positive_train.txt_sp|P31358|CD52_HUMAN,0.04918032786885246,0.01639344262295082,0.01639344262295082,0.0,0.06557377049180328,0.11475409836065574,0.01639344262295082,0.09836065573770492,0.01639344262295082,0.14754098360655737,0.03278688524590164,0.04918032786885246,0.01639344262295082,0.06557377049180328,0.01639344262295082,0.16393442622950818,0.06557377049180328,0.04918032786885246,0.0,0.0
positive_train.txt_sp|Q13639|5HT4R_HUMAN,0.06958762886597938,0.04639175257731959,0.03865979381443299,0.030927835051546393,0.04639175257731959,0.05670103092783505,0.01804123711340206,0.07989690721649484,0.030927835051546393,0.10824742268041238,0.030927835051546393,0.03865979381443299,0.04639175257731959,0.03865979381443299,0.04639175257731959,0.06701030927835051,0.06443298969072164,0.08247422680412371,0.020618556701030927,0.03865979381443299
positive_train.txt_sp|Q12809|KCNH2_HUMAN,0.08024158757549611,0.02070750647109577,0.04745470232959448,0.05176876617773943,0.08024158757549611,0.03968938740293356,0.024158757549611734,0.04831751509922347,0.030198446937014668,0.10871440897325281,0.02070750647109577,0.030198446937014668,0.08283002588438308,0.029335634167385678,0.07333908541846419,0.08886971527178603,0.05090595340811044,0.057808455565142365,0.010353753235547885,0.024158757549611734
positive_train.txt_sp|P11229|ACM1_HUMAN,0.08260869565217391,0.03260869565217391,0.021739130434782608,0.05434782608695652,0.06304347826086956,0.034782608695652174,0.004347826086956522,0.041304347826086954,0.05217391304347826,0.11739130434782609,0.02608695652173913,0.03260869565217391,0.06739130434782609,0.02826086956521739,0.06956521739130435,0.07608695652173914,0.07608695652173914,0.05652173913043478,0.02826086956521739,0.034782608695652174
positive_train.txt_sp|P34972|CNR2_HUMAN,0.08888888888888889,0.03611111111111111,0.041666666666666664,0.030555555555555555,0.058333333333333334,0.041666666666666664,0.030555555555555555,0.044444444444444446,0.041666666666666664,0.15833333333333333,0.030555555555555555,0.019444444444444445,0.044444444444444446,0.016666666666666666,0.044444444444444446,0.09444444444444444,0.04722222222222222,0.07777777777777778,0.022222222222222223,0.030555555555555555
positive_train.txt_sp|Q9BYV1|AGT2_HUMAN,0.06614785992217899,0.033073929961089495,0.033073929961089495,0.0622568093385214,0.08171206225680934,0.054474708171206226,0.04085603112840467,0.05252918287937743,0.05058365758754864,0.0914396887159533,0.03696498054474708,0.027237354085603113,0.06031128404669261,0.04085603112840467,0.05058365758754864,0.06031128404669261,0.054474708171206226,0.07198443579766536,0.009727626459143969,0.021400778210116732
positive_train.txt_sp|P13688|CEAM1_HUMAN,0.060836501901140684,0.015209125475285171,0.03612167300380228,0.045627376425855515,0.055133079847908745,0.026615969581749048,0.017110266159695818,0.049429657794676805,0.03612167300380228,0.08555133079847908,0.009505703422053232,0.08555133079847908,0.07604562737642585,0.057034220532319393,0.030418250950570342,0.09315589353612168,0.10076045627376426,0.07034220532319392,0.015209125475285171,0.034220532319391636
positive_train.txt_sp|P25021|HRH2_HUMAN,0.08356545961002786,0.036211699164345405,0.03064066852367688,0.025069637883008356,0.04456824512534819,0.04178272980501393,0.013927576601671309,0.07242339832869081,0.036211699164345405,0.1309192200557103,0.016713091922005572,0.052924791086350974,0.03064066852367688,0.03064066852367688,0.06128133704735376,0.07520891364902507,0.07242339832869081,0.08913649025069638,0.019498607242339833,0.036211699164345405
positive_train.txt_sp|P72030|EMBB_MYCTU,0.11748633879781421,0.007285974499089253,0.044626593806921674,0.01912568306010929,0.0883424408014572,0.04189435336976321,0.011839708561020037,0.04189435336976321,0.020036429872495445,0.11475409836065574,0.026411657559198543,0.022768670309653915,0.08014571948998178,0.025500910746812388,0.06284153005464481,0.0546448087431694,0.075591985428051,0.09289617486338798,0.0273224043715847,0.02459016393442623
positive_train.txt_sp|P08700|IL3_HUMAN,0.07236842105263158,0.013157894736842105,0.039473684210526314,0.046052631578947366,0.019736842105263157,0.03289473684210526,0.019736842105263157,0.05921052631578947,0.046052631578947366,0.18421052631578946,0.02631578947368421,0.08552631578947369,0.07894736842105263,0.05921052631578947,0.05263157894736842,0.046052631578947366,0.07236842105263158,0.02631578947368421,0.013157894736842105,0.006578947368421052
positive_train.txt_sp|P10275|ANDR_HUMAN,0.08804347826086957,0.029347826086956522,0.04021739130434782,0.059782608695652176,0.10434782608695652,0.030434782608695653,0.020652173913043477,0.025,0.043478260869565216,0.09456521739130434,0.02391304347826087,0.021739130434782608,0.08043478260869565,0.07717391304347826,0.04456521739130435,0.08804347826086957,0.04021739130434782,0.043478260869565216,0.008695652173913044,0.035869565217391305
positive_train.txt_sp|P09172|DOPO_HUMAN,0.06645056726094004,0.024311183144246355,0.04051863857374392,0.06320907617504051,0.06969205834683954,0.04051863857374392,0.03403565640194489,0.04862236628849271,0.03727714748784441,0.10210696920583469,0.022690437601296597,0.03403565640194489,0.07455429497568881,0.050243111831442464,0.04700162074554295,0.06645056726094004,0.05186385737439222,0.06969205834683954,0.014586709886547812,0.04213938411669368
positive_train.txt_sp|P13631|RARG_HUMAN,0.05726872246696035,0.03303964757709251,0.048458149779735685,0.07488986784140969,0.07709251101321586,0.04405286343612335,0.013215859030837005,0.039647577092511016,0.06607929515418502,0.1013215859030837,0.039647577092511016,0.028634361233480177,0.08590308370044053,0.037444933920704845,0.05947136563876652,0.07929515418502203,0.05286343612334802,0.03524229074889868,0.0022026431718061676,0.024229074889867842
positive_train.txt_sp|P21918|DRD5_HUMAN,0.09433962264150944,0.033542976939203356,0.041928721174004195,0.0440251572327044,0.05241090146750524,0.05660377358490566,0.016771488469601678,0.06708595387840671,0.020964360587002098,0.08385744234800839,0.027253668763102725,0.050314465408805034,0.06289308176100629,0.033542976939203356,0.041928721174004195,0.07966457023060797,0.04821802935010482,0.0859538784067086,0.031446540880503145,0.027253668763102725
positive_train.txt_sp|P51649|SSDH_HUMAN,0.1308411214953271,0.028037383177570093,0.03364485981308411,0.06355140186915888,0.09719626168224299,0.04299065420560748,0.013084112149532711,0.044859813084112146,0.052336448598130844,0.08224299065420561,0.016822429906542057,0.03177570093457944,0.048598130841121495,0.03177570093457944,0.05794392523364486,0.05794392523364486,0.048598130841121495,0.08224299065420561,0.013084112149532711,0.022429906542056073
positive_train.txt_sp|P15692|VEGFA_HUMAN,0.034482758620689655,0.07758620689655173,0.034482758620689655,0.06896551724137931,0.0603448275862069,0.02586206896551724,0.04741379310344827,0.034482758620689655,0.09051724137931035,0.06896551724137931,0.034482758620689655,0.03017241379310345,0.06465517241379311,0.05603448275862069,0.08189655172413793,0.06465517241379311,0.02586206896551724,0.04741379310344827,0.021551724137931036,0.03017241379310345
positive_train.txt_sp|P20132|SDHL_HUMAN,0.125,0.018292682926829267,0.027439024390243903,0.06097560975609756,0.09451219512195122,0.03048780487804878,0.024390243902439025,0.054878048780487805,0.0701219512195122,0.10365853658536585,0.024390243902439025,0.021341463414634148,0.054878048780487805,0.036585365853658534,0.024390243902439025,0.06402439024390244,0.04573170731707317,0.09146341463414634,0.01524390243902439,0.012195121951219513
positive_train.txt_sp|P37288|V1AR_HUMAN,0.0861244019138756,0.03349282296650718,0.028708133971291867,0.028708133971291867,0.05502392344497608,0.05741626794258373,0.014354066985645933,0.05263157894736842,0.0430622009569378,0.07416267942583732,0.03827751196172249,0.04066985645933014,0.05502392344497608,0.03588516746411483,0.05741626794258373,0.09090909090909091,0.0645933014354067,0.08373205741626795,0.03588516746411483,0.023923444976076555
positive_train.txt_sp|P36021|MOT8_HUMAN,0.07235621521335807,0.01855287569573284,0.02411873840445269,0.0686456400742115,0.08534322820037106,0.07421150278293136,0.016697588126159554,0.059369202226345084,0.027829313543599257,0.10946196660482375,0.03896103896103896,0.014842300556586271,0.09276437847866419,0.04452690166975881,0.04452690166975881,0.07050092764378478,0.03710575139146568,0.06307977736549165,0.011131725417439703,0.025974025974025976
positive_train.txt_sp|Q8WTV0|SCRB1_HUMAN,0.07065217391304347,0.025362318840579712,0.025362318840579712,0.04528985507246377,0.08152173913043478,0.057971014492753624,0.02355072463768116,0.043478260869565216,0.043478260869565216,0.1068840579710145,0.041666666666666664,0.043478260869565216,0.06884057971014493,0.030797101449275364,0.03804347826086957,0.08152173913043478,0.04891304347826087,0.07427536231884058,0.019927536231884056,0.028985507246376812
positive_train.txt_sp|P37088|SCNNA_HUMAN,0.04783258594917788,0.03139013452914798,0.03587443946188341,0.05530642750373692,0.06726457399103139,0.052316890881913304,0.02242152466367713,0.028400597907324365,0.0343796711509716,0.09267563527653214,0.028400597907324365,0.05829596412556054,0.07324364723467862,0.043348281016442454,0.05829596412556054,0.10164424514200299,0.05082212257100149,0.052316890881913304,0.01943198804185351,0.04633781763826607
positive_train.txt_sp|P14061|DHB1_HUMAN,0.11585365853658537,0.018292682926829267,0.051829268292682924,0.0701219512195122,0.10060975609756098,0.039634146341463415,0.021341463414634148,0.012195121951219513,0.027439024390243903,0.12804878048780488,0.021341463414634148,0.01524390243902439,0.06097560975609756,0.024390243902439025,0.0701219512195122,0.054878048780487805,0.04878048780487805,0.0975609756097561,0.003048780487804878,0.018292682926829267
positive_train.txt_sp|P10826|RARB_HUMAN,0.04395604395604396,0.03956043956043956,0.041758241758241756,0.06593406593406594,0.05714285714285714,0.03076923076923077,0.03076923076923077,0.054945054945054944,0.06593406593406594,0.1010989010989011,0.02857142857142857,0.03076923076923077,0.08791208791208792,0.03736263736263736,0.04835164835164835,0.08791208791208792,0.07912087912087912,0.041758241758241756,0.002197802197802198,0.024175824175824177
positive_train.txt_sp|P00747|PLMN_HUMAN,0.04567901234567901,0.05925925925925926,0.044444444444444446,0.0691358024691358,0.07654320987654321,0.025925925925925925,0.02962962962962963,0.027160493827160494,0.06049382716049383,0.05925925925925926,0.013580246913580247,0.04938271604938271,0.08518518518518518,0.03827160493827161,0.05185185185185185,0.0691358024691358,0.07530864197530865,0.05925925925925926,0.02345679012345679,0.037037037037037035
positive_train.txt_sp|P00742|FA10_HUMAN,0.05942622950819672,0.04918032786885246,0.055327868852459015,0.09016393442622951,0.08196721311475409,0.0430327868852459,0.018442622950819672,0.036885245901639344,0.06762295081967214,0.07991803278688525,0.01639344262295082,0.0430327868852459,0.0389344262295082,0.0389344262295082,0.05942622950819672,0.05942622950819672,0.07377049180327869,0.0471311475409836,0.012295081967213115,0.028688524590163935
positive_train.txt_sp|P07327|ADH1A_HUMAN,0.08266666666666667,0.042666666666666665,0.04533333333333334,0.05333333333333334,0.096,0.04,0.021333333333333333,0.06933333333333333,0.08533333333333333,0.07733333333333334,0.029333333333333333,0.029333333333333333,0.05333333333333334,0.018666666666666668,0.024,0.06133333333333333,0.058666666666666666,0.096,0.005333333333333333,0.010666666666666666
positive_train.txt_sp|Q15758|AAAT_HUMAN,0.12754158964879853,0.014787430683918669,0.031423290203327174,0.04990757855822551,0.09796672828096119,0.04066543438077634,0.009242144177449169,0.05545286506469501,0.024029574861367836,0.15157116451016636,0.02033271719038817,0.033271719038817,0.04990757855822551,0.018484288354898338,0.04251386321626617,0.06469500924214418,0.04436229205175601,0.09796672828096119,0.009242144177449169,0.0166358595194085
positive_train.txt_sp|P29275|AA2BR_HUMAN,0.10843373493975904,0.04216867469879518,0.02710843373493976,0.02108433734939759,0.0572289156626506,0.0572289156626506,0.015060240963855422,0.0572289156626506,0.030120481927710843,0.1355421686746988,0.024096385542168676,0.04819277108433735,0.0391566265060241,0.03313253012048193,0.03614457831325301,0.05120481927710843,0.060240963855421686,0.10542168674698796,0.015060240963855422,0.03614457831325301
positive_train.txt_sp|P10109|ADX_HUMAN,0.10869565217391304,0.02717391304347826,0.08152173913043478,0.05434782608695652,0.10869565217391304,0.016304347826086956,0.02717391304347826,0.043478260869565216,0.03260869565217391,0.10326086956521739,0.021739130434782608,0.03260869565217391,0.016304347826086956,0.010869565217391304,0.07608695652173914,0.09782608695652174,0.06521739130434782,0.059782608695652176,0.005434782608695652,0.010869565217391304
positive_train.txt_sp|P10415|BCL2_HUMAN,0.11297071129707113,0.008368200836820083,0.0502092050209205,0.04184100418410042,0.09205020920502092,0.0502092050209205,0.03765690376569038,0.029288702928870293,0.016736401673640166,0.09205020920502092,0.029288702928870293,0.02510460251046025,0.0794979079497908,0.02510460251046025,0.07112970711297072,0.06276150627615062,0.0502092050209205,0.06694560669456066,0.02510460251046025,0.03347280334728033
positive_train.txt_sp|P08912|ACM5_HUMAN,0.08082706766917293,0.03195488721804511,0.03007518796992481,0.04887218045112782,0.03759398496240601,0.03195488721804511,0.015037593984962405,0.05263157894736842,0.07142857142857142,0.09774436090225563,0.020676691729323307,0.043233082706766915,0.05639097744360902,0.03195488721804511,0.05451127819548872,0.07706766917293233,0.08082706766917293,0.07142857142857142,0.02443609022556391,0.041353383458646614
positive_train.txt_sp|P14679|TYRO_HUMAN,0.05671077504725898,0.03213610586011342,0.05671077504725898,0.05103969754253308,0.06427221172022685,0.05860113421550094,0.03213610586011342,0.04158790170132325,0.03213610586011342,0.10396975425330812,0.02835538752362949,0.05103969754253308,0.062381852551984876,0.043478260869565216,0.05103969754253308,0.09640831758034027,0.035916824196597356,0.03213610586011342,0.026465028355387523,0.043478260869565216
positive_train.txt_sp|P15291|B4GT1_HUMAN,0.06532663316582915,0.017587939698492462,0.052763819095477386,0.02763819095477387,0.0829145728643216,0.03768844221105527,0.022613065326633167,0.04271356783919598,0.02763819095477387,0.10552763819095477,0.02512562814070352,0.04773869346733668,0.08542713567839195,0.05025125628140704,0.0678391959798995,0.07788944723618091,0.03768844221105527,0.07537688442211055,0.007537688442211055,0.04271356783919598
positive_train.txt_sp|P29474|NOS3_HUMAN,0.08063175394846218,0.024106400665004156,0.04156275976724855,0.06483790523690773,0.0773067331670823,0.03906899418121363,0.020781379883624274,0.03158769742310889,0.030756442227763924,0.10640066500415628,0.014131338320864505,0.023275145469659187,0.0889443059019119,0.05901911886949293,0.0739817123857024,0.06733167082294264,0.05320033250207814,0.060681629260182876,0.017456359102244388,0.02493765586034913
positive_train.txt_sp|Q04771|ACVR1_HUMAN,0.043222003929273084,0.0412573673870334,0.05697445972495088,0.05108055009823183,0.068762278978389,0.03339882121807466,0.023575638506876228,0.05304518664047151,0.05697445972495088,0.10412573673870335,0.0275049115913556,0.04518664047151277,0.04518664047151277,0.04518664047151277,0.05108055009823183,0.07072691552062868,0.05893909626719057,0.07858546168958742,0.01768172888015717,0.0275049115913556
positive_train.txt_sp|Q08828|ADCY1_HUMAN,0.0840035746201966,0.03038427167113494,0.035746201966041107,0.05361930294906166,0.08042895442359249,0.044682752457551385,0.02323503127792672,0.045576407506702415,0.03932082216264522,0.13494191242180517,0.024128686327077747,0.03127792672028597,0.044682752457551385,0.03395889186773905,0.06613047363717604,0.05630026809651475,0.05183199285075961,0.08221626452189455,0.0071492403932082215,0.03038427167113494
positive_train.txt_sp|P14207|FOLR2_HUMAN,0.06666666666666667,0.07058823529411765,0.050980392156862744,0.047058823529411764,0.058823529411764705,0.027450980392156862,0.047058823529411764,0.011764705882352941,0.058823529411764705,0.10588235294117647,0.03529411764705882,0.047058823529411764,0.047058823529411764,0.043137254901960784,0.043137254901960784,0.07058823529411765,0.050980392156862744,0.0392156862745098,0.054901960784313725,0.023529411764705882
positive_train.txt_sp|P07766|CD3E_HUMAN,0.033816425120772944,0.028985507246376812,0.057971014492753624,0.06280193236714976,0.1111111111111111,0.00966183574879227,0.014492753623188406,0.057971014492753624,0.05314009661835749,0.0821256038647343,0.024154589371980676,0.04830917874396135,0.057971014492753624,0.04830917874396135,0.06280193236714976,0.06280193236714976,0.043478260869565216,0.06763285024154589,0.01932367149758454,0.05314009661835749
positive_train.txt_sp|P0A7S3|RS12_ECOLI,0.07258064516129033,0.03225806451612903,0.024193548387096774,0.03225806451612903,0.08870967741935484,0.008064516129032258,0.024193548387096774,0.024193548387096774,0.10483870967741936,0.06451612903225806,0.008064516129032258,0.04032258064516129,0.056451612903225805,0.03225806451612903,0.12096774193548387,0.04838709677419355,0.06451612903225806,0.12096774193548387,0.0,0.03225806451612903
positive_train.txt_sp|P05089|ARGI1_HUMAN,0.049689440993788817,0.009316770186335404,0.059006211180124224,0.059006211180124224,0.11180124223602485,0.027950310559006212,0.024844720496894408,0.07142857142857142,0.07453416149068323,0.10248447204968944,0.012422360248447204,0.027950310559006212,0.07142857142857142,0.015527950310559006,0.040372670807453416,0.062111801242236024,0.06832298136645963,0.07763975155279502,0.006211180124223602,0.027950310559006212
positive_train.txt_tr|Q5T1J1|Q5T1J1_HUMAN,0.07462686567164178,0.007462686567164179,0.029850746268656716,0.06716417910447761,0.11194029850746269,0.05970149253731343,0.029850746268656716,0.029850746268656716,0.007462686567164179,0.11194029850746269,0.022388059701492536,0.007462686567164179,0.03731343283582089,0.022388059701492536,0.05223880597014925,0.07462686567164178,0.11194029850746269,0.05970149253731343,0.029850746268656716,0.05223880597014925
positive_train.txt_sp|P30518|V2R_HUMAN,0.12668463611859837,0.029649595687331536,0.026954177897574125,0.029649595687331536,0.0646900269541779,0.03773584905660377,0.02425876010781671,0.03234501347708895,0.01078167115902965,0.1320754716981132,0.026954177897574125,0.016172506738544475,0.07008086253369272,0.02425876010781671,0.07816711590296496,0.09433962264150944,0.04582210242587601,0.08086253369272237,0.029649595687331536,0.018867924528301886
positive_train.txt_sp|Q13258|PD2R_HUMAN,0.0807799442896936,0.03899721448467967,0.022284122562674095,0.036211699164345405,0.0584958217270195,0.06963788300835655,0.019498607242339833,0.03064066852367688,0.022284122562674095,0.16434540389972144,0.036211699164345405,0.027855153203342618,0.05013927576601671,0.022284122562674095,0.07799442896935933,0.09192200557103064,0.03899721448467967,0.06685236768802229,0.011142061281337047,0.033426183844011144
positive_train.txt_sp|P24024|DPOL_HBVD2,0.06129807692307692,0.02403846153846154,0.026442307692307692,0.03125,0.06370192307692307,0.04807692307692308,0.054086538461538464,0.03365384615384615,0.038461538461538464,0.12259615384615384,0.01201923076923077,0.038461538461538464,0.07932692307692307,0.042067307692307696,0.06610576923076923,0.0985576923076923,0.046875,0.05889423076923077,0.019230769230769232,0.03485576923076923
positive_train.txt_sp|P47872|SCTR_HUMAN,0.06136363636363636,0.03636363636363636,0.029545454545454545,0.05,0.05454545454545454,0.05909090909090909,0.031818181818181815,0.05909090909090909,0.025,0.1431818181818182,0.025,0.038636363636363635,0.04090909090909091,0.045454545454545456,0.05909090909090909,0.07954545454545454,0.03636363636363636,0.07045454545454545,0.02727272727272727,0.02727272727272727
positive_train.txt_sp|P08709|FA7_HUMAN,0.05793991416309013,0.055793991416309016,0.045064377682403435,0.06437768240343347,0.09656652360515021,0.030042918454935622,0.032188841201716736,0.03648068669527897,0.0407725321888412,0.10085836909871244,0.012875536480686695,0.027896995708154508,0.05150214592274678,0.04935622317596566,0.06652360515021459,0.06652360515021459,0.05150214592274678,0.06866952789699571,0.019313304721030045,0.02575107296137339
positive_train.txt_sp|P18314|URE1_ENTAE,0.11992945326278659,0.014109347442680775,0.06701940035273368,0.05114638447971781,0.09700176366843033,0.024691358024691357,0.037037037037037035,0.07760141093474426,0.029982363315696647,0.07231040564373897,0.02821869488536155,0.031746031746031744,0.04938271604938271,0.03350970017636684,0.042328042328042326,0.04056437389770723,0.07231040564373897,0.08289241622574955,0.012345679012345678,0.015873015873015872
positive_train.txt_sp|Q9BXJ7|AMNLS_HUMAN,0.141280353200883,0.02869757174392936,0.05518763796909492,0.05077262693156733,0.10154525386313466,0.04194260485651214,0.026490066225165563,0.008830022075055188,0.008830022075055188,0.12582781456953643,0.008830022075055188,0.017660044150110375,0.0706401766004415,0.026490066225165563,0.0772626931567329,0.06622516556291391,0.026490066225165563,0.09271523178807947,0.017660044150110375,0.006622516556291391
positive_train.txt_sp|P18825|ADA2C_HUMAN,0.14285714285714285,0.025974025974025976,0.021645021645021644,0.032467532467532464,0.10173160173160173,0.05844155844155844,0.006493506493506494,0.03463203463203463,0.017316017316017316,0.08658008658008658,0.010822510822510822,0.025974025974025976,0.05627705627705628,0.023809523809523808,0.09956709956709957,0.08441558441558442,0.032467532467532464,0.08874458874458875,0.017316017316017316,0.032467532467532464
positive_train.txt_sp|P16471|PRLR_HUMAN,0.05787781350482315,0.027331189710610933,0.05305466237942122,0.07717041800643087,0.05787781350482315,0.03536977491961415,0.03054662379421222,0.03858520900321544,0.06913183279742766,0.09003215434083602,0.01929260450160772,0.03697749196141479,0.09003215434083602,0.04180064308681672,0.02090032154340836,0.07877813504823152,0.06752411575562701,0.05144694533762058,0.022508038585209004,0.03376205787781351
positive_train.txt_sp|Q9NR19|ACSA_HUMAN,0.06276747503566334,0.02710413694721826,0.0456490727532097,0.07417974322396577,0.0884450784593438,0.042796005706134094,0.03138373751783167,0.05135520684736091,0.05135520684736091,0.07560627674750357,0.021398002853067047,0.02282453637660485,0.06276747503566334,0.034236804564907276,0.05135520684736091,0.05706134094151213,0.06276747503566334,0.07417974322396577,0.024251069900142655,0.03851640513552068
positive_train.txt_sp|Q9UM73|ALK_HUMAN,0.06851851851851852,0.024074074074074074,0.03641975308641975,0.06296296296296296,0.10123456790123457,0.03209876543209877,0.024691358024691357,0.040740740740740744,0.04197530864197531,0.10123456790123457,0.025308641975308643,0.040123456790123455,0.07777777777777778,0.03888888888888889,0.05308641975308642,0.08641975308641975,0.04567901234567901,0.05555555555555555,0.020370370370370372,0.022839506172839506
positive_train.txt_sp|O95907|MOT3_HUMAN,0.1527777777777778,0.021825396825396824,0.037698412698412696,0.0496031746031746,0.12103174603174603,0.0496031746031746,0.003968253968253968,0.021825396825396824,0.00992063492063492,0.14484126984126985,0.023809523809523808,0.013888888888888888,0.07142857142857142,0.00992063492063492,0.06944444444444445,0.05555555555555555,0.02976190476190476,0.08134920634920635,0.007936507936507936,0.023809523809523808
positive_train.txt_sp|P00740|FA9_HUMAN,0.04772234273318872,0.052060737527114966,0.04121475054229935,0.09327548806941431,0.07809110629067245,0.0455531453362256,0.021691973969631236,0.05422993492407809,0.06073752711496746,0.06073752711496746,0.013015184381778741,0.06941431670281996,0.03253796095444685,0.03036876355748373,0.04338394793926247,0.05856832971800434,0.06724511930585683,0.08026030368763558,0.015184381778741865,0.03470715835140998
positive_train.txt_sp|P43116|PE2R2_HUMAN,0.0893854748603352,0.036312849162011177,0.030726256983240222,0.030726256983240222,0.05865921787709497,0.04748603351955307,0.013966480446927373,0.05027932960893855,0.008379888268156424,0.1452513966480447,0.030726256983240222,0.0223463687150838,0.04189944134078212,0.0335195530726257,0.0893854748603352,0.10614525139664804,0.055865921787709494,0.061452513966480445,0.013966480446927373,0.0335195530726257
positive_train.txt_sp|P04070|PROC_HUMAN,0.052060737527114966,0.052060737527114966,0.0650759219088937,0.0737527114967462,0.07592190889370933,0.03253796095444685,0.039045553145336226,0.039045553145336226,0.052060737527114966,0.10629067245119306,0.01735357917570499,0.028199566160520606,0.04338394793926247,0.03253796095444685,0.06073752711496746,0.07809110629067245,0.039045553145336226,0.06290672451193059,0.03253796095444685,0.01735357917570499
positive_train.txt_sp|O15375|MOT6_HUMAN,0.09702970297029703,0.0297029702970297,0.02178217821782178,0.027722772277227723,0.0891089108910891,0.06930693069306931,0.01782178217821782,0.047524752475247525,0.019801980198019802,0.14257425742574256,0.031683168316831684,0.023762376237623763,0.05742574257425743,0.039603960396039604,0.041584158415841586,0.08118811881188119,0.047524752475247525,0.06534653465346535,0.02574257425742574,0.023762376237623763
positive_train.txt_sp|P21917|DRD4_HUMAN,0.14346895074946467,0.057815845824411134,0.047109207708779445,0.01284796573875803,0.08993576017130621,0.027837259100642397,0.004282655246252677,0.017130620985010708,0.008565310492505354,0.11777301927194861,0.01284796573875803,0.023554603854389723,0.14775160599571735,0.02569593147751606,0.07708779443254818,0.047109207708779445,0.032119914346895075,0.07922912205567452,0.01284796573875803,0.014989293361884369
positive_train.txt_sp|P08246|ELNE_HUMAN,0.10486891385767791,0.04119850187265917,0.0299625468164794,0.018726591760299626,0.10112359550561797,0.03745318352059925,0.026217228464419477,0.0449438202247191,0.0,0.11235955056179775,0.0149812734082397,0.06367041198501873,0.056179775280898875,0.0449438202247191,0.0898876404494382,0.056179775280898875,0.033707865168539325,0.10486891385767791,0.011235955056179775,0.00749063670411985
positive_train.txt_sp|Q8TE23|TS1R2_HUMAN,0.057210965435041714,0.03218116805721097,0.03694874851013111,0.04410011918951132,0.04410011918951132,0.057210965435041714,0.021454112038140644,0.05959475566150179,0.026221692491060787,0.11680572109654351,0.028605482717520857,0.04767580452920143,0.054827175208581644,0.04529201430274136,0.04410011918951132,0.07747318235995232,0.05959475566150179,0.08462455303933254,0.017878426698450536,0.04410011918951132
positive_train.txt_sp|P00325|ADH1B_HUMAN,0.08266666666666667,0.04,0.04533333333333334,0.050666666666666665,0.10133333333333333,0.042666666666666665,0.018666666666666668,0.058666666666666666,0.08533333333333333,0.07733333333333334,0.021333333333333333,0.032,0.05333333333333334,0.016,0.029333333333333333,0.056,0.064,0.104,0.005333333333333333,0.016
positive_train.txt_sp|P32238|CCKAR_HUMAN,0.05841121495327103,0.03271028037383177,0.02102803738317757,0.037383177570093455,0.04906542056074766,0.056074766355140186,0.007009345794392523,0.0630841121495327,0.04439252336448598,0.12383177570093458,0.037383177570093455,0.0514018691588785,0.06074766355140187,0.030373831775700934,0.053738317757009345,0.102803738317757,0.06542056074766354,0.06074766355140187,0.014018691588785047,0.030373831775700934
positive_train.txt_sp|P08173|ACM4_HUMAN,0.10438413361169102,0.022964509394572025,0.016701461377870562,0.033402922755741124,0.037578288100208766,0.04384133611691023,0.010438413361169102,0.05845511482254697,0.05219206680584551,0.08977035490605428,0.027139874739039668,0.054279749478079335,0.07306889352818371,0.031315240083507306,0.05636743215031315,0.06889352818371608,0.081419624217119,0.08768267223382047,0.018789144050104383,0.031315240083507306
positive_train.txt_sp|Q9GZZ6|ACH10_HUMAN,0.10888888888888888,0.03111111111111111,0.044444444444444446,0.04,0.06,0.035555555555555556,0.03111111111111111,0.028888888888888888,0.011111111111111112,0.15333333333333332,0.024444444444444446,0.022222222222222223,0.07111111111111111,0.028888888888888888,0.08,0.06,0.051111111111111114,0.07333333333333333,0.02,0.024444444444444446
positive_train.txt_sp|P19793|RXRA_HUMAN,0.06277056277056277,0.02813852813852814,0.045454545454545456,0.06060606060606061,0.06926406926406926,0.0367965367965368,0.032467532467532464,0.04329004329004329,0.05627705627705628,0.1038961038961039,0.0367965367965368,0.03896103896103896,0.07575757575757576,0.030303030303030304,0.05411255411255411,0.09740259740259741,0.05194805194805195,0.05194805194805195,0.004329004329004329,0.01948051948051948
positive_train.txt_sp|O15554|KCNN4_HUMAN,0.09133489461358314,0.02107728337236534,0.02576112412177986,0.03981264637002342,0.07494145199063232,0.03044496487119438,0.03278688524590164,0.0351288056206089,0.0468384074941452,0.17096018735362997,0.0351288056206089,0.0234192037470726,0.0351288056206089,0.0468384074941452,0.06791569086651054,0.04918032786885246,0.05152224824355972,0.07728337236533958,0.02576112412177986,0.01873536299765808
positive_train.txt_sp|Q14626|I11RA_HUMAN,0.08767772511848342,0.023696682464454975,0.045023696682464455,0.035545023696682464,0.0924170616113744,0.018957345971563982,0.018957345971563982,0.02132701421800948,0.018957345971563982,0.10900473933649289,0.002369668246445498,0.009478672985781991,0.11611374407582939,0.052132701421800945,0.06635071090047394,0.0947867298578199,0.054502369668246446,0.07819905213270142,0.030805687203791468,0.023696682464454975
positive_train.txt_sp|P41143|OPRD_HUMAN,0.12634408602150538,0.03763440860215054,0.03763440860215054,0.021505376344086023,0.053763440860215055,0.04838709677419355,0.008064516129032258,0.05913978494623656,0.03225806451612903,0.10752688172043011,0.03225806451612903,0.026881720430107527,0.06720430107526881,0.010752688172043012,0.06182795698924731,0.07258064516129033,0.053763440860215055,0.09408602150537634,0.016129032258064516,0.03225806451612903
positive_train.txt_sp|P22303|ACES_HUMAN,0.08957654723127036,0.013029315960912053,0.04723127035830619,0.05537459283387622,0.09446254071661238,0.04723127035830619,0.024429967426710098,0.014657980456026058,0.016286644951140065,0.11237785016286644,0.014657980456026058,0.02768729641693811,0.08306188925081433,0.03908794788273615,0.07003257328990228,0.05863192182410423,0.04234527687296417,0.08794788273615635,0.02768729641693811,0.03420195439739414
positive_train.txt_sp|P10398|ARAF_HUMAN,0.06435643564356436,0.0231023102310231,0.04950495049504951,0.0429042904290429,0.066006600660066,0.0429042904290429,0.033003300330033,0.036303630363036306,0.04950495049504951,0.09075907590759076,0.026402640264026403,0.0297029702970297,0.07095709570957096,0.052805280528052806,0.06930693069306931,0.08745874587458746,0.056105610561056105,0.07260726072607261,0.009900990099009901,0.026402640264026403
positive_train.txt_sp|Q14432|PDE3A_HUMAN,0.08851884312007012,0.02366345311130587,0.05346187554776512,0.06836108676599474,0.06222611744084137,0.028921998247151623,0.02716914986853637,0.04382120946538125,0.04119193689745837,0.10517090271691498,0.019281332164767746,0.035056967572304996,0.06748466257668712,0.03680981595092025,0.05696757230499562,0.09903593339176162,0.05258545135845749,0.05521472392638037,0.013146362839614373,0.021910604732690624
positive_train.txt_sp|P08514|ITA2B_HUMAN,0.07988450433108758,0.019249278152069296,0.04908565928777671,0.05678537054860443,0.08854667949951876,0.03368623676612127,0.02213666987487969,0.02791145332050048,0.023099133782483156,0.1260827718960539,0.012512030798845043,0.0356111645813282,0.07314725697786333,0.059672762271414825,0.0519730510105871,0.07218479307025986,0.0356111645813282,0.08662175168431184,0.019249278152069296,0.026948989412897015
positive_train.txt_sp|O15528|CP27B_HUMAN,0.0984251968503937,0.017716535433070866,0.025590551181102362,0.0688976377952756,0.07283464566929133,0.04133858267716536,0.031496062992125984,0.01968503937007874,0.01968503937007874,0.12992125984251968,0.013779527559055118,0.017716535433070866,0.08070866141732283,0.03937007874015748,0.09645669291338582,0.0610236220472441,0.0531496062992126,0.07283464566929133,0.017716535433070866,0.021653543307086614
positive_train.txt_sp|Q13183|S13A2_HUMAN,0.10135135135135136,0.018581081081081082,0.015202702702702704,0.03547297297297297,0.060810810810810814,0.060810810810810814,0.016891891891891893,0.07263513513513513,0.030405405405405407,0.15202702702702703,0.03209459459459459,0.04391891891891892,0.06756756756756757,0.03885135135135135,0.016891891891891893,0.07263513513513513,0.05912162162162162,0.06418918918918919,0.02533783783783784,0.015202702702702704
