#name,V1,V2,V3,V4,V5,V6,V7,V8,V9,V10,V11,V12,V13,V14,V15,V16,V17,V18,V19,V20
0-211.txt_1,-0.6065,-0.7685,-1.1157,-1.3796,-2.0694,-0.6713,-0.6991,-1.7269,-0.9398,-1.2685,-1.287,-0.6157,-0.787,-1.537,-1.7269,-0.7269,-0.7407,-2.0278,-1.0556,-0.9861
0-211.txt_3,-0.103,-1.4585,-0.7342,-0.7542,-2.0664,-0.9767,-0.8007,-0.8239,-1.402,-1.3654,-1.3654,-1.0532,-0.9967,-1.3455,-1.8272,-0.1661,-0.3123,-2.1894,-1.0598,-0.9103
0-211.txt_5,-0.8914,-1.1086,-0.8019,-1.1752,-2,-0.6857,-0.8629,-1.7581,-1.0781,-1.1524,-1.0267,-0.7295,-0.8648,-1.2267,-1.6133,-0.4952,-0.6876,-2.1448,-0.9733,-1.0133
0-211.txt_7,-0.4672,-1.0233,-1.4376,-1.4397,-2.5433,-1.2622,-0.871,-1.8753,-1.8182,-0.9387,-0.8879,-0.8414,-1.3256,-1.7653,-1.9979,-0.9514,-0.9175,-3.0254,-1.6533,-0.945
0-211.txt_9,-1.6136,-1.6894,-1.2424,-1.5379,-3.0152,-0.9697,-0.6894,-2.2273,-1.7803,-1.4167,-1.9697,-0.3333,-1.4773,-1.9848,-3,-0.9091,-0.3712,-3.1136,-1.9394,-0.9621
0-211.txt_11,-0.8961,-1.1715,-0.6783,-1.2153,-2.6746,-0.9737,-1.1352,-1.5569,-1.567,-1.3267,-1.2954,-0.7222,-1.3004,-1.3892,-2.1101,-0.4869,-0.6133,-2.4393,-1.194,-1.1064
0-211.txt_13,-0.6812,-1.1256,-1.314,-1.3623,-2.744,-1.0676,-0.8019,-2.2367,-1.4638,-0.599,-0.9903,-0.5507,-1.1884,-1.6908,-2.1111,-1.0435,-0.7826,-3.2802,-1.9807,-0.8261
0-211.txt_15,-1.009,-1.5136,-1.0136,-1.8529,-2.4163,-0.9412,-1.4525,-2.043,-1.7059,-0.7081,-0.7647,-1.0136,-1.009,-1.1176,-2.1652,-0.7036,-0.6131,-2.4276,-1.1606,-0.8778
0-211.txt_17,-0.2364,-0.8499,-0.6321,-1.0257,-1.9984,-0.2189,-0.5224,-1.2888,-1.0142,-1.6043,-1.4629,-0.5,-0.9383,-2.0573,-0.5005,0.2838,-5.00E-04,-2.6152,-1.6217,-1.1905
0-211.txt_19,-0.8098,-0.6442,-0.8282,-1.0061,-2.2025,-0.1656,-0.4417,-1.7301,-1.3129,-1.2515,-1.1472,-0.546,-0.5644,-1.6933,-1.4847,-0.6258,-0.589,-2.3129,-1.4049,-1.0368
0-211.txt_21,-0.6871,-0.9798,-1.2552,-0.9386,-2.5591,-0.7799,-0.9753,0.229,-1.6295,-2.2283,-2.0314,-0.735,-1.8728,-2.5509,0.2021,-0.5696,-1.1744,-3.2769,-2.628,-1.8376
0-211.txt_23,-0.6034,-1.3799,-0.838,-1.0447,-1.7263,-0.7542,-0.838,-1.4469,-1.4078,-1.3296,-1.3184,-0.7877,-0.9665,-1.3855,-1.6927,-0.2849,-0.1229,-2.2737,-1.1844,-1.1285
0-211.txt_25,-0.3727,-1.2052,-0.5625,-0.8441,-2.5332,-0.4761,-0.3634,-1.5231,-1.5432,-1.436,-1.5309,-0.2284,-1.3326,-2.0525,-1.348,-0.2114,-0.0216,-2.7569,-1.5463,-0.9931
0-211.txt_27,-0.4815,-1.8827,-1.6512,-1.6451,-2.4537,-1.6049,-1.4321,-1.4043,-1.4907,-0.9969,-1.25,-1.1049,-1.0247,-1.7716,-1.8765,-1.0062,-0.9506,-2.8889,-1.8302,-0.4444
0-211.txt_29,-0.9617,-1.1095,-0.8394,-1.5602,-1.7974,-0.8266,-1.0949,-1.7792,-1.2646,-1.2062,-0.4562,-1.208,-1.2062,-1.2427,-1.5894,-0.219,-0.7391,-2.3248,-1.6004,-1.0328
0-211.txt_31,-0.5944,-1.0864,-0.2793,-0.8511,-3.4641,-0.5997,-1.2434,-0.9109,-1.6755,-1.4548,-1.4069,-1.0093,-1.6902,-1.5,-1.8364,-0.1383,-0.0346,-2.1928,-0.6489,-1.2633
0-211.txt_33,-0.9105,-1.1749,-1.0519,-1.3293,-2.0137,-0.7208,-0.7704,-2.094,-1.2496,-1.0866,-0.9783,-0.8872,-0.9259,-1.4439,-1.7801,-0.5185,-0.7407,-2.7066,-1.2536,-1.0621
0-211.txt_35,-1.1284,-0.9174,-1.1697,-1.5688,-3.0183,-1.133,-1.0046,-2.5183,-1.0229,-1.4908,-1.289,-0.8578,-1.422,-1.5734,-2.0596,-1.5505,-1.4541,-2.5046,-1.5413,-1.5138
0-211.txt_37,-0.5556,-1.009,-0.3682,-0.8811,-3.4367,-0.5711,-1.2183,-0.9548,-1.6124,-1.4987,-1.4186,-0.9858,-1.6796,-1.5943,-1.8837,-0.1473,-0.1047,-2.3773,-0.7649,-1.3075
0-211.txt_39,-0.2597,-1.0519,-1.5431,-1.706,-2.2066,-1.0401,-1.307,-1.6163,-1.5171,-0.9622,-0.7119,-1.2243,-0.7355,-1.353,-1.5218,-0.7226,-0.7603,-2.0366,-1.4156,-0.83
0-211.txt_41,-0.7344,-0.9422,-1.1766,-1.3562,-2.5141,-0.7344,-0.8828,-2.0609,-1.5047,-0.9469,-0.7844,-0.7562,-1.1562,-1.6359,-1.9953,-0.7,-0.8875,-3.0141,-1.4875,-1.0297
0-211.txt_43,-1.6457,-1.7559,-1.2205,-1.5433,-2.9764,-1.1969,-0.7874,-2.3071,-1.9843,-1.4252,-1.9213,-0.3701,-1.4094,-2.1181,-3.126,-1.0157,-0.3622,-3.1339,-2.0079,-0.9134
0-211.txt_45,-0.3509,-1.4503,-0.9123,-1.345,-2.3684,-0.9708,-1.2456,-1.1111,-1.4971,-1.4035,-1.6082,-0.9708,-1.0702,-1.462,-2.1462,-0.1404,-0.4327,-2.2573,-1.0234,-0.8596
0-211.txt_47,-0.7149,-1.0537,-0.6715,-1.2087,-2.4463,-0.9525,-1.1116,-1.1198,-1.3967,-1.3864,-1.1446,-0.845,-1.2293,-1.2975,-1.7748,-0.2314,-0.4401,-2.1612,-1.0909,-1.0682
0-211.txt_49,-0.6316,-1.2684,-0.8579,-0.9526,-2.0263,-0.6684,-0.6842,-1.5316,-1.4158,-1.4737,-1.4895,-0.4526,-1.3053,-1.4895,-1.6789,-0.3421,-0.1579,-2.6789,-0.9789,-1.1368
0-211.txt_51,-0.2388,-1.2976,-0.654,-0.8339,-1.7024,-0.8478,-0.8131,-0.8131,-1.3114,-1.2042,-1.3806,-1.128,-0.9723,-1.2803,-1.8028,-0.0934,-0.3599,-2.1315,-1.0761,-0.8339
0-211.txt_53,-0.2544,-1.5703,-1.5074,-1.8447,-2.0723,-1.3548,-1.3293,-1.7149,-1.9277,-0.4699,-0.755,-1.249,-0.7938,-1.4485,-2.3159,-0.6667,-0.581,-3.0509,-2.0067,-0.3668
0-211.txt_55,-0.8363,-0.8811,-0.9808,-1.1049,-2.1739,-0.5064,-0.4962,-1.5742,-1.4488,-1.5985,-1.445,-0.413,-1.3171,-2.1905,-1.3696,-0.3657,-0.6407,-2.9194,-1.9373,-1.2084
0-211.txt_57,-1.2283,-1.2184,-1.3127,-1.3772,-2.6352,-1.0025,-0.7593,-2.2308,-1.5211,-1.2953,-1.1315,-0.66,-1.2208,-1.6104,-1.9206,-0.9082,-0.9032,-2.6551,-1.2109,-1.0496
0-211.txt_59,-0.8579,-1.0645,-1.145,-1.4243,-2.3354,-0.8544,-0.951,-1.9543,-1.3454,-1.2413,-1.3013,-0.711,-0.9475,-1.7275,-2.0292,-0.6786,-0.6666,-2.999,-1.5313,-1.0276
0-211.txt_61,-0.6224,-1.1121,-0.708,-1.1534,-2.177,-0.7345,-0.823,-1.2478,-1.3923,-1.4425,-1.5516,-0.944,-1.1534,-1.705,-1.7375,-0.4366,-0.7699,-2.5664,-1.4572,-1.1357
0-211.txt_63,-0.9592,-1.0272,-1.435,-1.7709,-2.4155,-1.1553,-1.3728,-2.0641,-1.0388,-0.9553,-0.5689,-1.2078,-0.5301,-0.9223,-1.8447,-0.932,-0.9204,-2.3515,-1.4835,-0.9476
0-211.txt_65,-0.5135,-1.3784,-0.773,-0.9297,-2.0054,-0.8378,-0.8216,-1.3838,-1.3946,-1.4973,-1.4054,-0.4378,-1.2649,-1.6,-1.8432,-0.2216,-0.1676,-2.5459,-1.0973,-1.2162
0-211.txt_67,-0.8926,-2.4556,-2.463,-3.2444,-2.8296,-2.3259,-2.7926,-1.8704,-2.5185,-0.2852,-0.6519,-2.5222,-0.9815,-0.1296,-2.6,-1.5852,-1.6296,-1.5852,-1.0741,-0.9185
0-211.txt_69,-0.4803,-1.3092,-0.875,-1.375,-1.875,-0.9342,-1.0789,-1.5,-1.5395,-1.2434,-1.2566,-1.0592,-0.9276,-1.7434,-2.0592,-0.3684,0.0789,-2.2303,-1.3487,-0.9342
0-211.txt_71,-0.6109,-2.0243,-2.1307,-3.1064,-0.4985,-2.1003,-2.7204,-2.2523,-1.6626,-0.465,-0.2766,-2.31,-0.3222,-0.3283,-2.3587,-0.6565,-0.4863,-1.8845,-1.1581,-0.2584
0-211.txt_73,-0.3643,-1.8216,-1.7761,-2.1252,-2.1803,-1.4744,-1.649,-1.6641,-1.7799,-0.0873,-0.1841,-1.5977,-0.315,-0.7932,-1.8975,-0.8596,-0.6338,-2.1935,-1.3416,-0.1499
0-211.txt_75,-0.6972,-1.6167,-1.8778,-1.9639,-2.8722,-1.4361,-1.4139,-1.8611,-1.9222,-1.7222,-1.6,-1.4111,-1.6667,-2.2583,-2.4083,-1.3333,-1.0861,-3.3722,-2.275,-1.2889
0-211.txt_77,-0.6072,-1.0095,-0.8397,-1.1954,-2.2837,-0.6584,-0.7571,-1.7239,-1.2932,-1.3178,-1.2704,-0.74,-1.0398,-1.6679,-1.5882,-0.3074,-0.5996,-2.5769,-1.4573,-1.0731
0-211.txt_79,-0.6574,-0.9501,-0.7029,-1.0166,-1.6785,-0.6497,-0.6175,-1.6486,-0.8237,-1.2528,-1.0831,-0.6907,-1.1552,-1.8725,-1.6297,-0.5211,-0.7616,-2.7029,-1.4357,-1.1408
0-211.txt_81,-0.5764,-1.7153,-1.4896,-1.6389,-3.0451,-1.309,-1.0174,-2.0521,-1.809,-0.6979,-1.1285,-0.9757,-1.4861,-1.7604,-2.5556,-0.816,-0.941,-3.5139,-1.6736,-0.8993
0-211.txt_83,0.0362,-0.9321,-1.4118,-1.1176,-2.0633,-1.2919,-0.776,-1.1833,-0.9661,-0.8824,-0.9299,-1.1538,-0.776,-1.6855,-1.5973,-0.9751,-0.6471,-2.733,-1.629,-0.7353
0-211.txt_85,-0.7507,-1.5371,-1.128,-1.4857,-1.77,-1.1824,-1.3081,-1.8603,-1.6055,-1.1715,-1.1537,-1.0598,-1.0359,-1.4032,-1.9825,-0.6436,-0.6221,-2.6282,-1.257,-0.6731
0-211.txt_87,-0.7303,-2.0169,-1.4438,-1.3933,-2.9438,-1.4326,-1.2978,-1.9382,-1.9326,-1.2528,-1.3708,-0.9775,-1.6348,-1.9494,-1.9494,-1.1236,-1,-3.3933,-1.9101,-0.9101
0-211.txt_89,-0.704,-1.044,-0.536,-0.976,-1.6,-0.548,-0.588,-1.668,-0.872,-1.168,-1.152,-0.728,-0.724,-1.34,-1.724,-0.272,-0.308,-2.196,-0.888,-0.9
0-211.txt_91,-0.697,-1.2909,-0.7636,-1.097,-1.8667,-0.7333,-0.6727,-1.497,-1.3697,-1.5212,-1.5697,-0.3333,-1.297,-1.6424,-1.6364,-0.3212,-0.1879,-2.5394,-1.1818,-1.1939
0-211.txt_93,-0.0668,-1.6544,-1.8203,-2.1221,-1.9608,-1.3917,-1.7281,-1.4562,-1.9355,-0.5783,-0.4585,-1.4355,-0.5806,-1.3134,-1.6682,-0.7051,-0.6521,-2.2765,-1.5323,-0.4078
0-211.txt_95,-0.8333,-1.3646,-0.5573,-1.2396,-2.1719,-0.8177,-0.776,-1.8125,-1.5625,-1.3281,-1.3906,-0.7292,-1.1927,-1.3854,-1.6615,-0.3906,-0.3438,-2.3958,-1.099,-1.1354
0-211.txt_97,-0.6617,-1.2528,-0.4758,-0.6989,-2.3234,-0.5613,-0.119,-1.3829,-1.3086,-1.6208,-1.7584,-0.3941,-1.4647,-1.777,-1.632,-0.316,-0.4535,-2.5688,-1.3606,-1.1413
0-211.txt_99,-0.4969,-1.2043,-1.4551,-1.5464,-2.1594,-1.1347,-1.1563,-1.6517,-1.3762,-1.0201,-1.0062,-1.2198,-1.1424,-1.531,-1.7399,-0.8421,-0.7399,-2.4644,-1.5015,-0.8204
0-211.txt_101,-0.6474,-0.9162,-1.7704,-1.6072,-3.0294,-0.9543,-0.9728,-2.2709,-1.5919,-1.7682,-1.2046,-1.469,-1.4755,-2.3417,-2.3177,-1.1393,-1.0925,-3.2285,-2.1458,-1.432
0-211.txt_103,-1.5839,-1.5839,-1.2263,-1.4015,-2.8832,-0.9708,-0.635,-2.1898,-1.8759,-1.3723,-1.9635,-0.3431,-1.4234,-2.0146,-2.854,-0.8686,-0.3723,-3.1752,-1.854,-0.9197
0-211.txt_105,-0.4588,-1.3608,-2.3454,-2.1701,-2.5361,-1.3144,-1.4742,-2.4742,-1.8866,-1.8505,-1.5052,-1.8093,-1.8608,-2.5722,-2.8557,-1.2835,-1.4639,-3.3299,-2.5,-1.366
0-211.txt_107,-0.4907,-1.5762,-1.3234,-1.9442,-2.5911,-1.4981,-1.881,-1.145,-1.9442,-1.8848,-1.974,-1.4201,-1.5428,-2.1004,-2.026,-0.6691,-0.8253,-2.8141,-1.8885,-1.3606
0-211.txt_109,-1.0887,-1.3891,-1.3072,-1.4573,-2.314,-1.0205,-1.2389,-2.1058,-1.6143,-0.9249,-0.8771,-1.2048,-1.0171,-1.5222,-1.3447,-0.7509,-0.8362,-2.4846,-1.5017,-0.9078
0-211.txt_111,-0.4305,-1.2646,-1.4484,-1.5471,-2.2601,-1.0493,-0.9686,-2.1614,-1.2108,-1.3812,-0.8744,-0.6457,-0.9238,-1.1928,-1.6637,-1.1525,-1.0628,-2.2466,-1.0179,-1.1256
0-211.txt_113,-1.0038,-0.8601,-1.0413,-1.4131,-1.216,-0.5671,-0.815,-1.7531,-0.846,-1.2347,-0.3099,-0.9164,-0.9775,-1.2338,-1.5268,-0.3878,-0.8366,-2.2451,-1.7239,-1.0789
0-211.txt_115,-0.5291,-0.6852,-0.9524,-0.9841,-2.045,-0.2566,-0.3862,-1.4021,-0.9101,-1.6455,-1.2328,-0.627,-1.0635,-2.0608,-0.6429,-0.0608,-0.5503,-2.8148,-1.5582,-1.3386
0-211.txt_117,-0.7548,-1.1634,-1.4946,-1.3634,-2.9462,-1.1806,-0.8366,-2.3269,-1.357,-1.2366,-1.2645,-0.9548,-1.271,-1.7312,-2.086,-1.2731,-1.3462,-2.671,-1.557,-1.4215
0-211.txt_119,-0.6867,-1.2048,-0.6867,-0.9639,-1.9578,-0.8313,-0.8012,-1.4759,-1.3313,-1.5181,-1.5663,-0.5181,-1.1687,-1.5904,-1.6024,-0.4217,-0.1084,-2.5422,-1.1386,-1.1446
0-211.txt_121,-1.3077,-1.1282,-1.8654,-2.2692,-0.6474,-1.1026,-1.4487,-2.6987,-1.5064,-1.6667,-0.9359,-1.3333,-1.9936,-1.8141,-2.6923,-1.3077,-1.1218,-3.109,-1.3654,-1.4167
0-211.txt_123,-0.1117,-2.2405,-1.803,-2.5739,-1.714,-1.6042,-2.2235,-0.8769,-2.4489,-0.1117,-0.2216,-2.0227,-0.2557,-0.2197,-1.786,-0.3011,-0.5492,-1.7595,-1.0966,-0.3182
0-211.txt_125,-1.5556,-1.6296,-1.1407,-1.437,-2.8667,-1.1333,-0.6815,-2.2222,-1.8889,-1.4593,-1.9111,-0.363,-1.3556,-2.0222,-2.9185,-0.9852,-0.3556,-3.1407,-1.9556,-0.8963
0-211.txt_127,-1.5455,-1.7727,-1.1439,-1.4394,-2.9394,-1.1364,-0.7197,-2.1591,-1.9167,-1.447,-1.8939,-0.447,-1.447,-1.9545,-3.0076,-0.9394,-0.3258,-3.0682,-1.9167,-0.8636
0-211.txt_129,-0.9012,-1.1075,-0.6724,-1.2322,-2.7851,-0.9411,-1.1023,-1.4038,-1.513,-1.3882,-1.2894,-0.844,-1.2981,-1.4887,-2.0971,-0.4558,-0.6222,-2.5338,-1.104,-1.234
0-211.txt_131,-0.6951,-1.1217,-0.8811,-1.2797,-2.0503,-0.7203,-0.8364,-1.6378,-1.2014,-1.2364,-1.2406,-0.9371,-0.8531,-1.7706,-1.7077,-0.414,-0.3692,-2.6629,-1.3902,-1.0378
0-211.txt_133,-0.7569,-1.1805,-1.6416,-1.6416,-2.7218,-1.1078,-1.1805,-2.2005,-1.4737,-1.5213,-1.2506,-1.2632,-1.2732,-1.7318,-2.3158,-1.1303,-1.0777,-2.8371,-1.6065,-1.3634
0-211.txt_135,-0.7394,-1.1568,-1.3284,-1.4047,-2.8178,-0.9534,-0.6864,-2.0042,-1.5339,-1.0784,-1.0614,-0.8602,-1.1801,-1.5106,-2.1335,-1.0403,-0.9555,-3.072,-1.6059,-0.9915
0-211.txt_137,-0.6078,-1.0241,-0.819,-1.1719,-1.8341,-0.5928,-0.5807,-1.7541,-1.1735,-1.0196,-1.0121,-0.6697,-0.6275,-1.3167,-1.5641,-0.2911,-0.5113,-2.3394,-1.1176,-0.8296
0-211.txt_139,-0.1259,-1.3102,-1.2719,-1.3777,-2.2536,-0.8814,-1.1442,-1.365,-1.4142,-0.9872,-1.0766,-1.2026,-1.031,-1.7518,-1.4763,-0.75,-0.7208,-2.688,-1.5821,-0.6642
0-211.txt_141,-1.1776,-0.5467,-1.5514,-2.0888,-2.5421,-0.743,-1.1869,-1.9299,-1.1682,-1.785,-1.7103,-0.8411,-1.3505,-2.1916,-1.9907,-0.9299,-0.9579,-2.1449,-1.4533,-1.4907
0-211.txt_143,-1.5789,-1.7519,-1.1955,-1.5338,-2.9323,-1.1203,-0.7594,-2.2782,-1.9624,-1.4737,-1.9699,-0.406,-1.4511,-2.1429,-3.0451,-0.9925,-0.3534,-3.218,-1.9925,-0.8872
0-211.txt_145,0.0128,-1.0527,-1.3594,-1.1502,-2.738,-0.8275,-1.0942,-0.9936,-2.0112,-1.5383,-1.2812,-1.5192,-1.4585,-2.2396,-1.0815,-0.2891,-0.3339,-2.7316,-1.9808,-0.5799
0-211.txt_147,-0.7359,-1.2214,-1.2472,-1.5055,-2.3368,-0.8678,-1.0255,-1.7043,-1.4895,-0.9864,-0.7565,-1.1039,-0.8259,-1.2168,-1.6296,-0.6127,-0.7565,-2.4595,-1.4591,-0.8682
0-211.txt_149,-1.0141,-1,-1.2113,-1.5822,-3.0141,-1.1033,-1.0282,-2.4836,-1.0469,-1.507,-1.2019,-0.9343,-1.4507,-1.507,-2.1831,-1.4131,-1.4178,-2.5775,-1.5728,-1.5164
0-211.txt_151,-0.2036,-2.3892,-1.6453,-2.2644,-3.069,-1.6371,-1.9245,-1.1954,-2.3021,-0.2332,-0.8177,-1.4532,-0.6404,-1.1872,-2.0197,-0.9984,-0.7734,-3.0411,-1.9409,-0.4877
0-211.txt_153,0.0335,-1.1004,-1.1088,-1.2239,-2.3888,-0.1932,-0.645,-1.0084,-1.4378,-1.9693,-1.7108,-0.7466,-1.4661,-2.5008,1.0291,0.4753,0.096,-3.0315,-2.0737,-1.1331
0-211.txt_155,-0.1266,-0.5444,-0.648,-0.9194,-1.2714,-0.0789,-0.0477,-1.7944,-0.5296,-1.2155,-0.6086,-0.1283,-0.6941,-1.4441,-2.0592,-0.7072,-1.0954,-2.0148,-0.4984,-1.3668
0-211.txt_157,-1.5412,-1.3647,-1.5294,-2.1294,-1.7059,-1.4353,-2.0471,-2.3412,-1.3176,-1.8824,-1.7294,-1.0706,-1.5647,-1.9882,-2.7765,-0.5882,-0.5059,-2.7412,-1.7412,-1.5529
0-211.txt_159,-0.3193,-1.494,-1.4458,-1.6024,-1.3133,-1.0964,-1.2952,-1.0602,-1.7651,-1.9578,-1.4819,-1.5542,-1.4096,-2.3675,-1.3675,-0.3434,-0.9518,-3.1024,-2.1747,-1.5422
0-211.txt_161,-0.4609,-1.1565,-1.113,-1.3652,-2.0696,-0.7043,-0.7739,-1.7913,-1.4087,-0.7043,-0.9217,-0.6261,-0.6174,-1.687,-1.6087,-0.8,-0.5391,-2.6783,-1.6,-0.5826
0-211.txt_163,-0.5376,-1.6372,-0.6704,-1.0155,-2.8075,-0.9912,-1.1925,-0.9513,-1.6925,-1.7124,-1.6615,-1.1239,-1.2124,-1.4867,-2.1726,-0.4912,-0.6726,-1.9801,-1.1903,-1.4403
0-211.txt_165,-0.2941,-1.1457,-0.7339,-1.2017,-2.3838,-0.507,-0.7507,-1.3585,-1.2465,-1.6303,-1.4314,-0.8179,-1.1148,-1.8599,-0.8992,-0.0476,-0.3473,-2.6078,-1.6751,-1.2045
0-211.txt_167,-0.6238,-1.1436,-0.7277,-1.0248,-1.7921,-0.5347,-0.797,-1.3861,-1.3465,-1.1832,-1.4356,-0.6139,-1.1139,-1.396,-1.5693,-0.2277,-0.1337,-2.3317,-1.099,-1.0644
0-211.txt_169,-0.4868,-1.0757,-1.6711,-1.273,-2.8388,0.023,-0.6217,-0.5493,-1.8618,-2.4375,-1.9112,-0.6579,-1.7237,-3.0099,1.0428,-0.2401,-0.5395,-3.3816,-2.4112,-1.7632
0-211.txt_171,-0.6767,-0.8922,-1.1971,-1.3906,-2.134,-0.7178,-0.6927,-1.6693,-1.4261,-1.0369,-0.8812,-0.8961,-0.7384,-1.2173,-1.4895,-0.3325,-0.6147,-2.4658,-1.3726,-0.9575
0-211.txt_173,-1.226,-1.4068,-1.209,-1.5424,-2.6441,-0.8814,-0.7627,-2.1412,-1.8757,-1.3446,-1.6102,-0.3559,-1.0113,-1.9718,-2.6045,-0.774,-0.2542,-2.887,-1.8983,-0.7571
0-211.txt_175,-0.4675,-1.4903,-0.9286,-1.5844,-2.4838,-0.9351,-1.3377,-1.3312,-1.5747,-1.4903,-1.1818,-1.039,-1.1753,-1.5714,-1.9123,-0.2955,-0.2273,-2.7532,-1.5844,-1.0032
0-211.txt_177,-1.1325,-0.5451,-0.2237,-0.375,1.766,-0.2641,-0.6391,-0.3778,0.4765,-1.5432,-1.625,-1.0912,-1.2622,-1.1165,-0.343,-0.3045,-0.4859,-1.4483,-0.828,-1.2209
0-211.txt_179,-0.9804,-1.0554,-0.6432,-1.2581,-2.0723,-0.7081,-0.9257,-1.5845,-0.8878,-1.6912,-1.477,-0.8405,-1.3757,-1.3466,-1.8061,-0.3047,-0.6459,-2.1223,-1.0838,-1.4284
0-211.txt_181,-0.6746,-1.2485,-0.716,-1.0592,-1.7456,-0.7101,-0.6627,-1.5621,-1.2959,-1.4556,-1.4497,-0.6686,-1.0651,-1.5089,-1.6686,-0.3669,-0.355,-2.3491,-1.1302,-1.1302
0-211.txt_183,-0.4341,-1.1938,-0.845,-1.6124,-1.6977,-0.969,-1.0853,-1.4419,-1.0698,-0.9612,-1.1395,-0.8837,-0.8372,-1.3178,-1.4574,-0.3488,-0.4186,-2.1473,-0.907,-0.6279
0-211.txt_185,-0.8359,-1.3744,-0.6974,-1.1641,-2.2154,-0.8205,-0.6872,-1.6769,-1.4667,-1.2974,-1.2872,-0.3795,-1.3282,-1.4513,-1.8205,-0.4974,-0.3128,-2.7179,-1.2615,-1.1487
0-211.txt_187,-1.0415,-0.9936,-1.0192,-1.0543,-1.5527,-0.7125,-0.4473,-2.0415,-1.2077,-1.6518,-1.4185,-0.5942,-1.2843,-2.0671,-1.3898,-0.3323,-0.9201,-3.2013,-1.8498,-1.2428
0-211.txt_189,-0.6581,-1.0588,-1.1581,-1.5257,-1.9743,-0.5956,-0.7243,-1.4669,-1.4559,-1.2831,-1.1801,-0.7757,-0.8272,-1.6654,-1.3419,-0.5294,-0.489,-2.1985,-1.2978,-1.0257
0-211.txt_191,-0.3105,-1.4729,-0.6467,-0.9459,-2.8661,-0.8348,-1.1197,-0.5385,-1.6353,-1.7436,-1.5954,-0.8262,-1.4929,-1.5413,-2.3105,-0.4046,-0.6182,-2.5328,-1.0655,-1.1481
0-211.txt_193,-0.7437,-1.1457,-0.505,-1.1231,-2.0151,-0.7462,-0.9271,-1.309,-1.1608,-1.3266,-1.4422,-0.7714,-0.9774,-1.6181,-1.7789,-0.3894,-0.4849,-2.2965,-1.2814,-1.093
0-211.txt_195,-0.7262,-1.3651,-0.5397,-0.4782,-2.9325,-0.9226,-1.0794,-0.8929,-1.2738,-1.6865,-1.6528,-1.1052,-1.6548,-1.6012,-1.9385,-0.3909,-0.5456,-2.623,-1.244,-1.4782
0-211.txt_197,-0.2946,-1.2378,-0.6919,-1.2243,-2.8784,-0.8054,-1.0595,-1.2108,-1.7405,-1.4757,-1.5,-0.8676,-1.4405,-1.7459,-1.8865,-0.627,-0.6919,-2.7432,-1.427,-1.0946
0-211.txt_199,-0.4722,-1.0769,-1.0299,-1.4551,-2.5427,-0.9103,-0.9487,-1.6944,-1.4423,-0.7479,-0.9573,-0.6325,-1.3184,-1.4829,-1.8483,-0.7393,-0.8568,-2.9209,-1.4103,-0.8526
0-211.txt_201,-0.5698,-0.7946,-1.0039,-1.0078,-2.2984,-0.5504,-0.5039,-1.4225,-1.4031,-1.655,-1.5543,-0.0194,-1.1667,-2.0155,-1.8721,-0.3333,-0.7054,-2.6085,-1.7209,-1.2868
0-211.txt_203,-1.2895,-1.6842,-1.2697,-1.5724,-2.6447,-1.0658,-0.7368,-2.1842,-1.7961,-1.2434,-1.6382,-0.4408,-1.2303,-1.7961,-2.8289,-0.8487,-0.375,-2.9539,-1.7961,-0.7434
0-211.txt_205,-0.0273,-2.3354,-1.9203,-3.0461,-1.7107,-1.7275,-2.717,-0.8742,-2.4822,0.1803,0.0566,-2.3438,0.2956,0.1342,-2.0398,-0.2998,-0.4067,-1.327,-1.0335,-0.0587
0-211.txt_207,-0.6922,-0.8751,-1.0355,-1.1434,-2.6164,-0.776,-0.5649,-1.8622,-1.3892,-1.3691,-1.2168,-0.5979,-1.1539,-1.618,-1.5101,-0.1467,-0.6221,-2.8018,-1.618,-1.1305
0-211.txt_209,-0.5267,-0.0016,-0.4301,-0.593,-1.8161,0.9794,1.0364,-2.2389,-0.4644,-1.2546,-0.595,0.6063,-0.439,-2.1059,-2.2963,-0.3351,-0.6079,-2.5521,-1.7357,-1.2846
0-211.txt_211,-1.5038,-1.7068,-1.1955,-1.4436,-2.8872,-1.0902,-0.7519,-2.1278,-1.9173,-1.4436,-1.9398,-0.4211,-1.4436,-2.0902,-2.9699,-0.9474,-0.3233,-3.1429,-1.9925,-0.8722
0-211.txt_213,-0.6765,-1.16,-1.4141,-1.46,-2.8906,-0.9282,-0.8459,-2.0847,-1.6341,-1.18,-1.0718,-0.6129,-1.3435,-1.8482,-2.1447,-1.0259,-1.04,-2.9188,-1.6906,-1.2824
0-211.txt_215,-0.8086,-1.3333,-0.9012,-1.0309,-1.9321,-0.8519,-0.7037,-1.4691,-1.5,-1.4321,-1.4383,-0.5062,-1.2469,-1.4383,-1.8457,-0.4691,-0.2531,-2.6296,-1.1296,-1.2901
0-211.txt_217,-0.0286,-1.1304,-1.5355,-1.4214,-2.4124,-1.0294,-0.9975,-1.3468,-1.5627,-1.3036,-1.1763,-1.2229,-1.2002,-2.0036,-1.5904,-0.5643,-0.6613,-2.9114,-1.9574,-0.7825
0-211.txt_219,-0.2121,-1.5603,-1.6401,-1.9494,-2.6518,-1.286,-1.321,-1.9494,-1.7023,-1.4922,-1.3074,-1.4455,-1.251,-2.4377,-2.286,-0.7996,-0.8911,-3.4922,-2.2899,-1.1128
0-211.txt_221,-0.4127,-1.496,-1.9286,-2.3492,-1.8889,-1.2937,-1.6746,-1.6071,-1.7937,-0.9444,-0.3016,-1.4444,-0.5952,-0.9286,-1.9683,-0.7262,-0.7698,-1.9881,-1.2143,-0.6865
0-211.txt_223,-0.3424,-0.1828,-1.072,-0.9942,-2.7841,0.5409,0.6237,-2.1348,-1.33,-1.6807,-0.7916,0.1522,-0.9603,-2.4822,-2.3987,-0.5095,-0.8644,-3.1629,-2.1919,-1.4615
0-211.txt_225,-1.0092,-1.1994,-1.2945,-1.3436,-2.8804,-0.7791,-1.2178,-0.6994,-1.3313,-2.2546,-1.8988,-1.0368,-1.5368,-2.316,-1.0399,-0.8405,-1.2515,-3.0798,-2.0307,-1.9172
0-211.txt_227,-0.4183,-0.9278,-0.7338,-1.0076,-1.9202,-0.654,-0.6008,-1.1559,-1.1255,-1.3346,-1.3384,-0.597,-0.8897,-1.5741,-1.5399,-0.308,-0.4525,-2.2928,-1.2433,-0.9163
0-211.txt_229,-0.2641,-1.1303,-1.4225,-1.3239,-2.169,-0.7148,-0.8768,-1.6127,-1.7254,-1.2782,-1.0704,-1.3063,-1.1127,-2.0915,-1.3239,-0.6585,-0.7641,-2.6937,-1.9366,-0.9894
0-211.txt_231,-0.2639,-1.0396,-1.5435,-1.6253,-2.81,-1.3562,-1.3034,-1.5989,-1.8074,-1.1979,-1.3272,-1.2243,-1.1636,-2.6491,-2.6306,-1.0422,-1.0317,-3.6807,-2.5251,-0.942
0-211.txt_233,-0.6644,-0.7494,-0.8391,-1.1218,-2.092,-0.5517,-0.5977,-1.6184,-0.9862,-1.1425,-1.3885,-0.6805,-0.8713,-1.3816,-1.7448,-0.4069,-0.6552,-2.469,-1.0529,-1.0322
0-211.txt_235,-0.6401,-1.1352,-0.4674,-1.0928,-3.7752,-0.7134,-1.3876,-1.1531,-1.8779,-1.6221,-1.6075,-1.1645,-1.816,-1.6612,-2.0635,-0.2068,-0.1498,-2.4186,-0.8958,-1.3909
0-211.txt_237,-0.6532,-1.2775,-0.7457,-1.0462,-1.8497,-0.7283,-0.763,-1.5087,-1.3642,-1.4624,-1.4393,-0.4451,-1.1098,-1.3468,-1.7225,-0.3121,-0.2139,-2.3699,-1.1329,-1.2254
0-211.txt_239,-0.8215,-1.2248,-1.3115,-1.5681,-2.3906,-0.8028,-1.037,-1.6909,-1.3897,-1.4974,-1.2637,-1.1869,-1.3785,-1.9808,-1.1012,-0.3447,-0.5513,-2.874,-1.7831,-1.0042
0-211.txt_241,-0.3273,-2.2356,-1.6763,-2.6601,-1.7788,-1.6043,-2.2968,-0.9784,-2.1871,-0.1205,-0.232,-2.1619,-0.1619,-0.1133,-1.8309,-0.3831,-0.4874,-1.4047,-1.0755,-0.3507
0-211.txt_243,-0.7121,-1.0486,-1.7529,-1.823,-3.1693,-1.1556,-1.2218,-2.2101,-1.6109,-1.3677,-1.3735,-1.393,-1.2821,-2.3444,-2.5992,-1.2802,-1.2899,-3.7276,-2.6226,-1.2257
0-211.txt_245,-0.2803,-0.6889,-0.8961,-0.8703,-2.2244,-0.5319,0.1097,-1.4516,-1.547,-1.643,-1.757,-0.1742,-1.3627,-2.1634,-0.9563,0.0358,-0.4588,-2.5118,-1.9161,-1.1398
0-211.txt_247,-1.3167,-1.1667,-1.2583,-1.3917,-2.56,-0.9333,-1.13,-1.76,-0.84,-1.7333,-1.4717,-1.1583,-1.4717,-2.0167,-1.67,-0.61,-0.9167,-2.9233,-1.72,-1.3567
0-211.txt_249,-0.6346,-1.1683,-0.851,-1.0769,-1.8798,-0.6923,-0.7163,-1.4519,-1.375,-1.3702,-1.399,-0.2163,-1.1875,-1.5962,-1.4519,-0.3029,-0.2356,-2.4856,-1.226,-1.0962
0-211.txt_251,-0.3908,-1.2069,-1.0805,-1.3218,-2.8276,-1.1954,-1.5345,-0.7759,-1.4138,-1.6437,-1.5115,-1.0287,-1.5287,-1.592,-2.3103,-0.5805,-0.7874,-2.2759,-1.0632,-1.1264
0-211.txt_253,-0.5446,-0.9062,-1.0625,-1.4018,-1.8482,-0.6317,-0.7254,-1.6004,-1.1652,-1.1763,-0.9844,-0.7522,-0.683,-1.4085,-1.5647,-0.4821,-0.567,-2.0871,-1.029,-0.9107
0-211.txt_255,-0.9258,-0.9956,-0.7205,-1.1485,-2.1616,-0.5983,-0.4978,-1.7904,-0.9782,-1.3275,-1.4498,-0.3886,-0.7686,-1.3057,-1.8515,-0.5633,-0.524,-2.3843,-0.9127,-1.0568
0-211.txt_257,-0.4678,-0.6169,-1.078,-1.4542,-2.0305,-0.661,-0.8746,-1.3627,-1.4746,-1.1898,-1.2542,-0.461,-0.8915,-1.9525,-1.6678,-0.5932,-0.678,-2.3831,-1.522,-0.9254
0-211.txt_259,-0.6796,-1.5028,-0.7182,-1.0387,-1.9613,-0.9116,-0.768,-1.6575,-1.5249,-1.2762,-1.442,-0.8066,-1.0387,-1.6133,-1.9558,-0.3536,-0.1657,-2.3591,-1.2486,-0.9724
0-211.txt_261,0.0146,-0.9756,-1.3024,-1.2455,-2.3805,-0.8504,-0.8,-1.4618,-1.6894,-1.3691,-1.2894,-0.9398,-1.1106,-1.9024,-1.6309,-0.5967,-0.6033,-2.7024,-1.748,-0.9463
0-211.txt_263,-0.661,-1.6102,-0.7627,-1.1525,-2.1864,-1.0056,-0.8983,-1.7062,-1.678,-1.322,-1.5141,-0.6158,-1.4576,-1.5932,-1.7175,-0.3277,-0.1582,-2.7966,-1.3051,-1.1412
0-211.txt_265,-1.5672,-1.694,-1.1343,-1.3657,-2.8433,-1.0522,-0.7015,-2.1567,-1.9776,-1.4627,-1.903,-0.3209,-1.4254,-2.0896,-2.9328,-0.9403,-0.3582,-3.0672,-1.9403,-0.8955
0-211.txt_267,-0.4554,-1.4812,-0.6792,-1.0099,-2.8356,-0.8059,-1.0376,-1.0337,-1.699,-1.6634,-1.6119,-1.0297,-1.2139,-1.5802,-2.2257,-0.4396,-0.6,-2.0535,-1.2337,-1.3723
0-211.txt_269,-1.3152,-1.6485,-1.2121,-1.5333,-2.6,-0.9636,-0.6788,-2.0667,-1.9515,-1.1939,-1.6242,-0.3879,-1.1818,-1.8303,-2.7333,-0.9152,-0.2727,-3.0303,-1.8545,-0.697
0-211.txt_271,-0.7682,-1.0729,-1.443,-1.5159,-2.2897,-1.1084,-1.1308,-1.7458,-1.4467,-1.0766,-1.1308,-0.9907,-1.0766,-1.3645,-1.8037,-0.7626,-0.7028,-2.4262,-1.4224,-0.9364
0-211.txt_273,-1.1632,-1.0475,-1.1142,-1.0935,-2.3932,-0.8442,-0.8576,-1.9748,-1.5045,-1.4659,-1.2285,-0.9599,-1.1409,-1.5519,-2.0475,-0.7641,-0.865,-2.6973,-1.6751,-1.3902
0-211.txt_275,-0.8154,-1.5654,-1.0769,-1.4231,-2.5692,-1.1615,-1.0962,-1.5846,-1.6615,-1.6654,-1.8808,-0.7423,-1.4577,-1.9385,-1.7154,-0.5808,-0.5692,-3.5269,-1.8962,-1.2308
0-211.txt_277,-0.7171,-1.1463,-0.6293,-0.7854,-1.9171,-0.5756,-0.4878,-1.3268,-1.1512,-1.322,-1.4829,-0.3268,-1.1561,-1.3024,-1.5073,-0.239,-0.2049,-2.2732,-0.9659,-1.0927
0-211.txt_279,-0.3895,-1.6409,-0.4834,-0.9586,-3.2044,-0.9945,-1.3094,-0.7652,-1.732,-1.6768,-1.6271,-0.9641,-1.6602,-1.6519,-2.6409,-0.5331,-0.5856,-2.9144,-1.1575,-1.1547
0-211.txt_281,-0.5845,-1.0402,-0.2105,-0.7721,-3.4316,-0.6434,-1.2252,-0.8981,-1.6729,-1.4196,-1.4102,-1.004,-1.6555,-1.3365,-1.8123,-0.1635,-0.0335,-2.0965,-0.5241,-1.1917
0-211.txt_283,0.1402,-1.628,-1.4329,-2.0122,-2.2195,-1.2927,-1.7195,-0.4329,-2.1707,-1.4146,-1.3171,-1.3171,-0.8049,-1.7317,-1.7866,-0.3841,-0.7073,-2.7317,-1.7988,-1.0732
0-211.txt_285,-0.6004,-1.4329,-1.0322,-0.9452,-2.2406,-0.5757,-0.6724,-2.1525,-1.5843,-0.8002,-0.5113,-0.9689,-0.8475,-1.6434,-1.6241,-0.6681,-0.7905,-3.0344,-1.696,-0.7325
0-211.txt_287,-0.9478,-1.2133,-0.95,-1.1289,-2.3822,-0.8456,-0.8778,-1.6678,-1.04,-1.1567,-1.0756,-0.9622,-1.0678,-1.2511,-1.6433,-0.6156,-0.6067,-1.9778,-0.8333,-0.9733
0-211.txt_289,-1.5111,-1.7333,-1.2741,-1.4667,-2.9407,-1.1333,-0.7111,-2.2074,-1.8667,-1.4815,-2.0222,-0.4222,-1.3926,-2.0296,-2.9111,-0.9333,-0.3704,-3.2296,-1.9556,-0.8741
0-211.txt_291,-0.0579,-0.7918,-0.8648,-1.382,-1.7017,-0.6695,-0.9292,-0.2833,-1.3069,-1.985,-1.7532,-0.824,-1.1717,-2.118,-0.897,-0.0365,-0.5193,-2.0944,-1.7575,-1.4893
0-211.txt_293,-0.6533,-1.3668,-0.7739,-1.0503,-2.0352,-0.7638,-0.8794,-1.5327,-1.5477,-1.4824,-1.4874,-0.6382,-1.2211,-1.5126,-1.7437,-0.397,-0.3015,-2.5126,-1.1759,-1.0352
0-211.txt_295,-0.7632,-1.5105,-0.8053,-1.1316,-1.9895,-0.8,-0.7895,-1.4895,-1.5053,-1.3053,-1.3684,-0.4895,-1.2947,-1.3105,-1.5316,-0.3263,-0.2053,-2.5684,-1.0947,-1.1105
0-211.txt_297,-0.2623,-1.1257,-0.612,-1.1421,-1.765,-0.6831,-0.8743,-1.1694,-1.5738,-1.306,-1.5191,-0.765,-1.0383,-1.9016,-1.7705,-0.1366,-0.0055,-2.3333,-1.5301,-0.9235
0-211.txt_299,-0.5673,-0.9461,-0.9007,-1.3333,-1.9596,-0.2727,-0.6431,-1.5269,-1.1397,-1.638,-1.4461,-0.7542,-0.9108,-1.9343,-1.2559,-0.3333,-0.5017,-2.4108,-1.4545,-1.2576
0-211.txt_301,-1.1111,-2.8599,-2.2126,-3.2754,-2.6473,-2.4251,-2.6715,-2.1304,-2.0048,-0.4106,-0.6184,-2.686,-0.6908,-0.2415,-3.2077,-1.2609,-1.0773,-2.0386,-1.0386,-0.8164
0-211.txt_303,-1.5755,-1.6475,-1.0504,-1.3597,-2.9065,-0.9928,-0.6115,-2.0863,-1.8633,-1.5108,-1.8921,-0.3525,-1.4676,-1.9568,-2.8633,-0.9209,-0.2878,-3.0288,-1.9281,-0.9353
0-211.txt_305,-0.574,-1.4046,-1.0053,-1.2763,-2.1961,-0.8913,-0.9875,-1.3636,-1.0802,-0.9002,-0.9073,-1.2335,-0.7986,-1.6827,-1.656,-0.3209,-0.5508,-2.6399,-1.59,-0.6863
0-211.txt_307,-0.7474,-1.2353,-0.8858,-1.3564,-2.2907,-0.692,-0.8893,-1.5017,-1.1142,-1.6298,-1.3875,-0.9931,-0.9619,-1.4187,-1.6367,-0.4844,-0.5536,-1.9239,-0.8927,-1.2976
0-211.txt_309,-1.0143,-1.2571,-1.5357,-1.2929,-2.6429,-1.1786,-0.65,-1.8286,-1.2786,-1.5786,-1.4571,-0.9571,-1.5429,-1.5857,-2.1929,-1.1571,-0.95,-2.8286,-1.2929,-1.3357
0-211.txt_311,-0.7068,-1.015,-1.2632,-1.3609,-2.2632,-0.6541,-0.5338,-1.9774,-1.4361,-1.7143,-1.3233,-0.5639,-1.1053,-1.6541,-2.0301,-0.7895,-0.7218,-2.3835,-1.3609,-1.3008
0-211.txt_313,-0.6515,-1.2626,-0.601,-1.101,-1.8788,-0.6566,-0.7778,-1.5202,-1.3485,-1.3485,-1.3434,-0.6263,-0.9848,-1.5202,-1.6768,-0.2222,0.0101,-2.3384,-1.1465,-1.0556
0-211.txt_315,-0.4097,-1.3355,-1.0935,-1.25,-2.3661,-1.1129,-0.9565,-1.3387,-1.5387,-1.1032,-1.0935,-0.8726,-1.2613,-1.6258,-1.8694,-0.8419,-0.9758,-2.8839,-1.5968,-0.9226
0-211.txt_317,-1.5065,-1.3252,-1.0439,-1.4981,-2.9991,-1.3364,-1.0916,-2.3262,-1.8888,-0.8785,-1.3907,-0.843,-1.3196,-1.7393,-2.4794,-1.1252,-1.0748,-3.6692,-1.4598,-1.2589
0-211.txt_319,-0.1877,-1.2888,-1.4549,-1.5993,-1.8736,-1.3682,-1.4007,-1.6534,-1.4801,-0.8736,-0.7834,-1.444,-1.1588,-1.5018,-2.0433,-0.9819,-0.9458,-2.5162,-1.6606,-0.7617
0-211.txt_321,-0.2398,-1.2941,-1.4932,-1.914,-2.5113,-0.5747,-1.1946,-2.0452,-1.6516,-1.276,-0.8959,-1.4072,-0.9864,-1.9186,-2.4163,-0.9367,-0.8281,-2.5068,-1.7195,-1.0588
0-211.txt_323,-0.7783,-1.1059,-1.6084,-1.4901,-2.6404,-1.069,-1.1921,-2.1601,-1.4754,-1.5123,-1.202,-1.2241,-1.2709,-1.6847,-2.2217,-1.1108,-1.0887,-2.7365,-1.5197,-1.3473
0-211.txt_325,-0.2586,-2.1828,-1.6914,-2.7569,-1.2569,-1.6741,-2.3379,-0.8276,-2.2379,0.0293,-0.2241,-2.0172,0.0534,0.1534,-1.7741,-0.3586,-0.3914,-1.05,-0.8741,-0.2466
0-211.txt_327,-0.5752,-1.3982,-2.1504,-1.885,-2.177,-0.8142,-0.6018,-2.354,-1.9735,-1.4779,-1.3628,-1.4248,-1.3805,-2.5398,-2.8142,-1.2655,-1.354,-3.6195,-2.5133,-0.9204
0-211.txt_329,-0.7491,-1.2509,-0.8745,-0.9631,-2.1144,-0.7601,-0.5535,-1.8007,-1.2472,-1.1513,-1.0517,-0.8303,-0.8598,-1.583,-1.3801,-0.4465,-0.572,-2.4686,-1.369,-0.9557
0-211.txt_331,-0.87,-1.009,-1.7354,-1.6861,-3.1614,-0.8789,-0.9776,-2.3408,-1.4798,-2.1435,-1.87,-1.3229,-1.7399,-2.3901,-2.2511,-1.0493,-1.3767,-3.1749,-2.0807,-1.704
0-211.txt_333,-0.611,-1.0374,-1.0773,-1.4738,-1.6509,-0.6608,-0.8529,-2.4339,-1.217,-1.1721,-0.9751,-0.5387,-0.9052,-2.0125,-1.6334,-0.4688,-0.6334,-3.3741,-1.8579,-0.8504
0-211.txt_335,-1.0949,-1.6522,-1.5375,-1.249,-2.9051,-1.6206,-0.7391,-2.3913,-2.415,-0.9249,-1.2134,-0.8854,-1.2648,-1.9407,-2.6877,-0.5731,-0.8103,-3.9921,-2.1225,-0.8538
0-211.txt_337,-1.0758,-1.6023,-1.4886,-1.1553,-2.8371,-1.5795,-0.625,-2.3182,-2.4242,-0.9432,-1.375,-0.8864,-1.2424,-1.9508,-2.5758,-0.5909,-0.7311,-3.928,-2.0795,-0.8295
0-211.txt_339,-0.8836,-0.9045,-1.2776,-1.3612,-1.7522,-0.5373,-0.6896,-2.2836,-0.997,-1.0149,-0.7791,-0.6776,-0.7642,-1.406,-1.8746,-0.6179,-0.7493,-2.5075,-1.0478,-0.9493
0-211.txt_341,-1.0803,-1.6586,-1.6024,-1.2008,-3.1406,-1.6586,-0.6747,-2.3775,-2.5422,-1.0402,-1.4418,-0.9036,-1.3414,-2.0281,-2.6908,-0.6345,-0.8474,-4.0763,-2.241,-0.9398
0-211.txt_343,-0.8521,0.1629,-0.8464,-0.7603,-2.3483,-0.4139,-0.2378,-1.5918,-0.2734,-1.8464,-1.588,-0.133,-1.4457,-2.3446,-1.176,0.2172,-0.7566,-3.1835,-1.5094,-1.5524
0-211.txt_345,-0.0952,-1.2153,-1.1884,-1.4058,-2.4555,-0.6108,-0.9648,-1.648,-1.3395,-1.7433,-1.5445,-1.1739,-1.5818,-2.294,0.1014,0.5362,0.1573,-3.2422,-1.7039,-1.1077
0-211.txt_347,-0.3054,-0.979,-0.9072,-1.2994,-1.5509,-0.6647,-0.7754,-1.3802,-1.3114,-1.1018,-1.0689,-0.7994,-0.6587,-1.7275,-1.4012,-0.3323,-0.4431,-2.5419,-1.4042,-0.7425
0-211.txt_349,-1.0884,-1.7309,-1.6064,-1.257,-2.9478,-1.6867,-0.8554,-2.4859,-2.5341,-1.0241,-1.3052,-1,-1.3052,-1.992,-2.8072,-0.6345,-0.8554,-4.0402,-2.1165,-0.8835
0-211.txt_351,-0.7758,-1.1388,-1.5302,-1.6406,-1.758,-0.8683,-0.9288,-2.5053,-1.1459,-1.0996,-0.8719,-0.8932,-0.8932,-1.5018,-1.9288,-0.6228,-0.694,-2.8932,-1.3203,-0.9004
0-211.txt_353,-0.6721,-1.0094,-0.9977,-1.3653,-1.733,-0.5808,-0.7494,-2.2787,-1.0281,-1.1733,-0.9274,-0.4543,-0.897,-1.9625,-1.5082,-0.4239,-0.7611,-3.2131,-1.8056,-0.7681
0-211.txt_355,-0.7232,-1.0848,-1.3728,-1.4263,-1.5134,-0.6429,-0.7411,-2.4598,-1.2478,-1.1228,-0.8504,-0.8772,-0.6406,-1.5938,-1.8795,-0.6228,-0.7612,-2.8594,-1.1786,-0.8326
0-211.txt_357,-0.6489,-1.0954,-1.1412,-1.2595,-1.5598,-0.5674,-0.7137,-1.8893,-1.1132,-1.3588,-1.1921,-0.7137,-0.9618,-1.8219,-1.5025,-0.285,-0.6476,-2.743,-1.4173,-1.1043
0-211.txt_359,-0.7477,-0.9977,-1.0257,-1.4159,-1.7079,-0.6168,-0.743,-2.2664,-1.1075,-1.1051,-0.9579,-0.4953,-0.9509,-1.986,-1.5234,-0.4393,-0.7009,-3.3107,-1.7734,-0.8154
0-211.txt_361,-0.1735,-0.9696,-0.86,-1.3212,-1.7732,-0.8037,-0.9726,-1.2024,-1.3836,-1.4597,-1.3288,-0.9087,-1.0061,-1.7945,-1.2405,0.0974,-0.3196,-2.5814,-1.5434,-1.067
0-211.txt_363,-1.0757,-1.6494,-1.5139,-1.1633,-2.9761,-1.6972,-0.8327,-2.3506,-2.494,-0.8805,-1.3347,-0.8964,-1.1713,-2.0478,-2.7649,-0.6056,-0.8127,-4.0199,-2.1753,-0.8247
0-211.txt_365,-0.8805,-1.2833,-1.2355,-0.9181,-2.5666,-1.3584,-0.5734,-1.9795,-2.0785,-0.8089,-1.1399,-0.7201,-1.0648,-1.7235,-2.1843,-0.471,-0.6621,-3.2833,-1.7713,-0.7406
0-211.txt_367,-1.0531,-1.702,-1.5755,-1.302,-2.8816,-1.6898,-0.7918,-2.449,-2.4939,-0.9714,-1.3551,-0.8735,-1.2408,-2.0122,-2.6776,-0.5633,-0.7959,-4.0612,-2.2082,-0.8245
0-211.txt_369,-0.8988,-1.0778,-1.4436,-1.6304,-1.6693,-0.8833,-0.9105,-2.6265,-1.144,-0.9455,-0.6693,-0.8677,-0.6148,-1.572,-2.4047,-0.7471,-0.7938,-2.9844,-1.0311,-0.9689
0-211.txt_371,-0.9119,-1.1831,-1.3627,-1.4169,-1.2949,-0.7864,-0.8644,-2.5797,-0.9322,-1.0034,-0.678,-0.9186,-0.6644,-1.7186,-2.1797,-0.6508,-0.8271,-2.7898,-1.2949,-0.9627
0-211.txt_373,-1.1069,-1.6183,-1.4809,-1.1641,-2.8855,-1.7023,-0.729,-2.3817,-2.4313,-0.9275,-1.3893,-0.9389,-1.3588,-1.9237,-2.6947,-0.5992,-0.7328,-3.958,-2.0649,-0.9008
0-211.txt_375,-1.0972,-1.6316,-1.4453,-1.2551,-3.0283,-1.7328,-0.7935,-2.413,-2.5344,-0.9393,-1.3198,-0.9393,-1.2672,-2.004,-2.7773,-0.5992,-0.834,-3.9919,-2.1862,-0.8421
0-211.txt_377,-0.9729,-1.1932,-1.3322,-1.461,-1.4305,-0.8,-0.8203,-2.661,-1.0542,-0.9932,-0.6712,-0.9254,-0.7051,-1.6475,-2.2102,-0.6169,-0.8814,-2.8034,-1.2746,-0.9593
0-211.txt_379,-1.0157,-0.9592,-1.1787,-1.5549,-1.9498,-0.6677,-0.7994,-2.5204,-1.1505,-0.837,-0.674,-0.7304,-0.652,-1.3229,-2.0878,-0.6771,-0.837,-2.6238,-0.9906,-0.8589
0-211.txt_381,-1.0265,-1.5644,-1.5265,-1.1402,-2.8258,-1.6061,-0.6856,-2.3295,-2.4015,-0.9811,-1.3371,-0.8939,-1.2841,-1.928,-2.5947,-0.572,-0.75,-3.9129,-2.0455,-0.8864
0-211.txt_383,-1.0802,-1.5954,-1.3893,-1.1221,-2.8588,-1.6221,-0.7405,-2.2939,-2.3626,-0.8359,-1.2748,-0.8779,-1.229,-1.9008,-2.584,-0.5534,-0.7366,-3.8168,-2.084,-0.7557
0-211.txt_385,-1.053,-1.5265,-1.4621,-1.1705,-2.6818,-1.5492,-0.6818,-2.2955,-2.3295,-0.8788,-1.2197,-0.8523,-1.1856,-1.7841,-2.5417,-0.6061,-0.6818,-3.75,-2.0152,-0.8295
0-211.txt_387,-0.6084,-0.9161,-0.9883,-1.4196,-1.6247,-0.6154,-0.8322,-2.2984,-1.1655,-1.049,-0.9347,-0.4988,-0.8858,-2.0093,-1.6946,-0.4033,-0.6573,-3.2471,-1.8182,-0.7273
0-211.txt_389,-0.6103,-1.1221,-1.2113,-1.2254,-1.3474,-0.6056,-0.7418,-2.1925,-0.9507,-1.0751,-0.723,-0.6315,-0.5563,-1.615,-1.5469,-0.3638,-0.6338,-2.8521,-1.2347,-0.7911
0-211.txt_391,-0.4112,-1.0754,-1,-1.6253,-1.7981,-0.708,-1.0365,-1.8273,-1.3406,-1.1192,-0.9586,-0.9708,-0.837,-1.5718,-1.1679,-0.0803,-0.3698,-2.5207,-1.2895,-0.9002
0-211.txt_393,-0.9907,-1.0433,-1.2879,-1.4706,-1.8978,-0.6409,-0.743,-2.6068,-0.808,-1.1486,-0.8545,-0.4768,-0.6873,-1.5201,-2.192,-0.6749,-0.7214,-2.7771,-0.9969,-1.0031
0-211.txt_395,-0.7424,-1.1163,-1.2632,-1.2964,-1.5817,-0.7119,-0.7839,-2.5512,-1.1302,-0.9474,-0.7424,-0.651,-0.6731,-1.8421,-1.7036,-0.4986,-0.687,-2.9917,-1.554,-0.7812
0-211.txt_397,-0.7812,-0.7634,-1.0967,-1.1705,-1.9084,-0.514,-0.4478,-2.3333,-0.9898,-1.2214,-0.9313,-0.3333,-0.8448,-1.7532,-1.9262,-0.4478,-0.5827,-2.7684,-1.1934,-1.0102
0-211.txt_399,-0.3734,-0.8337,-0.8691,-1.265,-1.8262,-0.6727,-0.8122,-1.5536,-1.1974,-1.294,-1.1191,-0.8004,-0.823,-1.6513,-1.3187,-0.132,-0.456,-2.5837,-1.3541,-0.9646
0-211.txt_401,-0.7972,-1.0217,-0.6223,-1.082,-1.7368,-0.517,-0.6471,-2.0464,-0.8437,-1.2554,-1.0774,-0.6254,-0.8669,-1.6362,-1.6641,-0.1842,-0.5248,-2.7214,-1.2755,-1.1146
0-211.txt_403,-0.6493,-1.0647,-1.1294,-1.3582,-1.5224,-0.6667,-0.7537,-2.3408,-1.0149,-1.1418,-0.9652,-0.5821,-0.9652,-1.8557,-1.5224,-0.3905,-0.7662,-3.2736,-1.791,-0.7811
0-211.txt_405,-1.0551,-1.2874,-1.6811,-1.815,-1.2402,-1.0118,-1.189,-2.8465,-1.0472,-0.9213,-0.5906,-1.0866,-0.563,-1.4528,-2.5787,-0.8465,-0.874,-2.9961,-1.1969,-0.9409
0-211.txt_407,-0.6862,-1.1356,-1.1782,-1.0904,-1.5346,-0.6782,-0.641,-2.3298,-1.016,-0.9761,-0.8484,-0.7686,-0.7101,-1.5745,-1.5479,-0.242,-0.7473,-2.75,-1.375,-0.8245
0-211.txt_409,-0.7432,-1.0912,-1.3446,-1.527,-1.9392,-0.8176,-0.8682,-2.3649,-1.1723,-1.0203,-0.8311,-0.9088,-0.8851,-1.4155,-1.7196,-0.6216,-0.7736,-2.6284,-1.1959,-0.8209
0-211.txt_411,-0.5955,-0.9309,-0.9512,-1.252,-1.874,-0.3882,-0.5528,-2.2988,-1.0244,-1.2378,-1.0244,-0.2642,-1.0163,-2.0772,-1.4614,-0.3008,-0.622,-3.2866,-1.8354,-0.8049
0-211.txt_413,-1.1053,-1.6721,-1.583,-1.2551,-2.9717,-1.7085,-0.8219,-2.4372,-2.4939,-0.9757,-1.3239,-0.9595,-1.2348,-1.9514,-2.7409,-0.5749,-0.7449,-4.0688,-2.1498,-0.8583
0-211.txt_415,-1.085,-1.6721,-1.4939,-1.2713,-2.8583,-1.7287,-0.7571,-2.3725,-2.4211,-0.8543,-1.2834,-0.9231,-1.2389,-1.9838,-2.6478,-0.5547,-0.8219,-4.0405,-2.0729,-0.8785
0-211.txt_417,-0.9755,-1.3469,-1.4898,-1.6082,-1.5592,-0.9347,-1.0408,-2.7673,-1.0122,-1.0612,-0.8408,-1.151,-0.751,-1.6163,-2.2857,-0.6408,-0.8122,-3.1102,-1.2653,-0.9918
0-211.txt_419,-0.7657,-1.1449,-1.3551,-1.4903,-1.4348,-0.814,-0.8744,-2.4082,-1.1449,-0.9082,-0.6377,-0.9372,-0.4976,-1.5024,-2.029,-0.5507,-0.6957,-2.7029,-1.1473,-0.7101
0-211.txt_421,-1.0528,-1.6667,-1.4919,-1.2439,-2.9959,-1.6341,-0.8211,-2.3659,-2.4146,-0.939,-1.3455,-0.935,-1.1341,-2.0813,-2.6585,-0.6382,-0.8455,-3.9715,-2.1179,-0.8943
