#name,V1,V2,V3,V4,V5,V6,V7,V8,V9,V10,V11,V12,V13,V14,V15,V16,V17,V18,V19,V20,V21,V22,V23,V24,V25,V26,V27,V28,V29,V30,V31,V32,V33,V34,V35,V36,V37,V38,V39,V40
0-211.txt_1,-0.6065,-0.7685,-1.1157,-1.3796,-2.0694,-0.6713,-0.6991,-1.7269,-0.9398,-1.2685,-1.287,-0.6157,-0.787,-1.537,-1.7269,-0.7269,-0.7407,-2.0278,-1.0556,-0.9861,6.0558,10.7907,8.8186,12.707,6.7535,6.2605,11.0605,11.3116,13.6558,13.8326,10.2047,8.8558,6.7814,11.7953,8.3907,5.0419,4.493,16.186,11.3116,10.9581
0-211.txt_3,-0.103,-1.4585,-0.7342,-0.7542,-2.0664,-0.9767,-0.8007,-0.8239,-1.402,-1.3654,-1.3654,-1.0532,-0.9967,-1.3455,-1.8272,-0.1661,-0.3123,-2.1894,-1.0598,-0.9103,7.9333,5.5033,9.3467,17.7433,1.7833,4.8467,7.7667,16.6,3.3467,10.8733,10.9567,5.4767,6.98,16.6833,3.49,6.3367,5.79,9.3333,15.1367,11.4
0-211.txt_5,-0.8914,-1.1086,-0.8019,-1.1752,-2,-0.6857,-0.8629,-1.7581,-1.0781,-1.1524,-1.0267,-0.7295,-0.8648,-1.2267,-1.6133,-0.4952,-0.6876,-2.1448,-0.9733,-1.0133,3.8893,7.6126,13.126,11.855,10.0153,7.7996,9.7882,8.7729,10.3855,11.7824,12.3187,9,6.9141,15.1718,11.6164,7.5076,4.6832,12.1393,12.0878,8.1508
0-211.txt_7,-0.4672,-1.0233,-1.4376,-1.4397,-2.5433,-1.2622,-0.871,-1.8753,-1.8182,-0.9387,-0.8879,-0.8414,-1.3256,-1.7653,-1.9979,-0.9514,-0.9175,-3.0254,-1.6533,-0.945,7.6186,13.0784,12.0508,14.7097,11.2097,8.0169,12.0487,15.1335,12.0657,16.7648,15.4301,10.2775,10.3814,14.7627,14,7.0508,7.1059,12.6335,11.5085,12.4216
0-211.txt_9,-1.6136,-1.6894,-1.2424,-1.5379,-3.0152,-0.9697,-0.6894,-2.2273,-1.7803,-1.4167,-1.9697,-0.3333,-1.4773,-1.9848,-3,-0.9091,-0.3712,-3.1136,-1.9394,-0.9621,5.1756,11.4656,14.9924,16.3053,12.4122,10.0305,19.9618,15.9618,8.5191,16.3206,15.3206,22.3282,16.8855,25.9313,6.3359,7.8626,15.0992,22.1756,15.5496,15.0229
0-211.txt_11,-0.8961,-1.1715,-0.6783,-1.2153,-2.6746,-0.9737,-1.1352,-1.5569,-1.567,-1.3267,-1.2954,-0.7222,-1.3004,-1.3892,-2.1101,-0.4869,-0.6133,-2.4393,-1.194,-1.1064,5.2807,12.1366,16.4975,15.1266,3.7306,9.218,10.688,16.2556,9.3371,16.287,14.0677,11.7143,6.9687,18.4511,9.9912,8.906,7.3183,12.5977,13.4023,13.2343
0-211.txt_13,-0.6812,-1.1256,-1.314,-1.3623,-2.744,-1.0676,-0.8019,-2.2367,-1.4638,-0.599,-0.9903,-0.5507,-1.1884,-1.6908,-2.1111,-1.0435,-0.7826,-3.2802,-1.9807,-0.8261,7.0777,10.8689,14.5534,16.9757,7.8495,8.8883,11.0583,14.7233,12.6699,20.7767,15.9951,12.2718,10.6845,12.6262,11.9854,7.4903,7.8883,14.9903,7.966,13.2039
0-211.txt_15,-1.009,-1.5136,-1.0136,-1.8529,-2.4163,-0.9412,-1.4525,-2.043,-1.7059,-0.7081,-0.7647,-1.0136,-1.009,-1.1176,-2.1652,-0.7036,-0.6131,-2.4276,-1.1606,-0.8778,5.2562,9.0998,12.161,10.9184,4.8118,11.4694,8.8685,14.0249,8.0249,17.5397,14.3855,9.8889,5.9025,18.8073,10.746,9.3628,7.2608,13.2585,13.1202,11.1655
0-211.txt_17,-0.2364,-0.8499,-0.6321,-1.0257,-1.9984,-0.2189,-0.5224,-1.2888,-1.0142,-1.6043,-1.4629,-0.5,-0.9383,-2.0573,-0.5005,0.2838,-5.00E-04,-2.6152,-1.6217,-1.1905,4.3905,5.7799,6.7242,6.1158,4.1218,6.6537,5.8995,6.4358,8.7662,6.9612,7.7078,4.7706,6.4347,6.8536,16.7597,6.0606,5.9776,3.7996,5.9274,6.1562
0-211.txt_19,-0.8098,-0.6442,-0.8282,-1.0061,-2.2025,-0.1656,-0.4417,-1.7301,-1.3129,-1.2515,-1.1472,-0.546,-0.5644,-1.6933,-1.4847,-0.6258,-0.589,-2.3129,-1.4049,-1.0368,4.2407,10.2284,10.2901,16.8333,3.0247,7.7901,11.216,9.537,4.0185,10.2531,12.8272,8.963,7.9136,9.2963,10.1605,5.2901,4.8519,12.463,4.8642,7.8025
0-211.txt_21,-0.6871,-0.9798,-1.2552,-0.9386,-2.5591,-0.7799,-0.9753,0.229,-1.6295,-2.2283,-2.0314,-0.735,-1.8728,-2.5509,0.2021,-0.5696,-1.1744,-3.2769,-2.628,-1.8376,4.2704,13.6801,7.6157,12.4022,7.018,9.2592,9.7079,25.615,11.2869,10.5693,9.5356,10.7633,7.8592,10.8532,20.5566,5.7775,6.0105,16.8959,7.4479,8.6801
0-211.txt_23,-0.6034,-1.3799,-0.838,-1.0447,-1.7263,-0.7542,-0.838,-1.4469,-1.4078,-1.3296,-1.3184,-0.7877,-0.9665,-1.3855,-1.6927,-0.2849,-0.1229,-2.2737,-1.1844,-1.1285,4.5,5.9663,10.1573,14.0562,14.4607,8.309,8.927,12.7022,6.4831,8.5393,9.3876,9.5506,4.9551,16.4045,8.691,6.1461,8.8146,6.9719,13.0618,6.4438
0-211.txt_25,-0.3727,-1.2052,-0.5625,-0.8441,-2.5332,-0.4761,-0.3634,-1.5231,-1.5432,-1.436,-1.5309,-0.2284,-1.3326,-2.0525,-1.348,-0.2114,-0.0216,-2.7569,-1.5463,-0.9931,5.7884,5.5452,12.1946,12.9668,1.3977,7.017,8.6942,9.8208,5.4409,10.6564,9.5985,9.4031,5.4332,10.1537,10.827,5.6116,8.3676,6.3985,10.9181,9.8649
0-211.txt_27,-0.4815,-1.8827,-1.6512,-1.6451,-2.4537,-1.6049,-1.4321,-1.4043,-1.4907,-0.9969,-1.25,-1.1049,-1.0247,-1.7716,-1.8765,-1.0062,-0.9506,-2.8889,-1.8302,-0.4444,7.2477,11.5015,10.5759,14.2353,15.226,9.9659,13.3932,18.4118,12.5759,18.0341,14.9752,13.4118,11.969,18.2755,12.743,5.9164,6.8173,17.6068,13.9536,16.2539
0-211.txt_29,-0.9617,-1.1095,-0.8394,-1.5602,-1.7974,-0.8266,-1.0949,-1.7792,-1.2646,-1.2062,-0.4562,-1.208,-1.2062,-1.2427,-1.5894,-0.219,-0.7391,-2.3248,-1.6004,-1.0328,5.351,12.4095,13.8373,14.7861,15.1974,12.1499,11.0055,10.6618,15.6728,12.1773,16.4369,9.8702,7.3967,16.638,14.1097,10.064,7.245,18.9086,11.1335,9.0329
0-211.txt_31,-0.5944,-1.0864,-0.2793,-0.8511,-3.4641,-0.5997,-1.2434,-0.9109,-1.6755,-1.4548,-1.4069,-1.0093,-1.6902,-1.5,-1.8364,-0.1383,-0.0346,-2.1928,-0.6489,-1.2633,5.9414,12.2636,13.9827,13.6631,2.2676,9.5286,8.9427,12.5979,9.1691,13.2543,11.7497,9.8708,8.032,15.9294,11.277,7.3302,8.7723,22.6791,18.3981,10.8123
0-211.txt_33,-0.9105,-1.1749,-1.0519,-1.3293,-2.0137,-0.7208,-0.7704,-2.094,-1.2496,-1.0866,-0.9783,-0.8872,-0.9259,-1.4439,-1.7801,-0.5185,-0.7407,-2.7066,-1.2536,-1.0621,5.7497,10.3181,11.1471,12.801,16.5274,9.5433,10.9418,9.6505,14.0222,12.4966,13.0815,9.4664,9.8284,15.52,12.2514,7.8729,6.573,9.7976,12.5639,9.2229
0-211.txt_35,-1.1284,-0.9174,-1.1697,-1.5688,-3.0183,-1.133,-1.0046,-2.5183,-1.0229,-1.4908,-1.289,-0.8578,-1.422,-1.5734,-2.0596,-1.5505,-1.4541,-2.5046,-1.5413,-1.5138,6.7281,16.2719,15.5484,18.3134,8.7235,9.8249,16.2304,16.0138,18.9493,19.1751,16.9539,14.1198,13.424,21.8111,16.6912,5.9631,6.0138,26.3871,17.553,13.8065
0-211.txt_37,-0.5556,-1.009,-0.3682,-0.8811,-3.4367,-0.5711,-1.2183,-0.9548,-1.6124,-1.4987,-1.4186,-0.9858,-1.6796,-1.5943,-1.8837,-0.1473,-0.1047,-2.3773,-0.7649,-1.3075,5.8072,12.3182,14.1902,14.3221,2.542,10.2083,9.1397,13.3842,9.7167,13.6468,13.3454,8.8642,8.1785,15.9314,10.2704,7.1915,8.304,20.8551,18.0285,11.0453
0-211.txt_39,-0.2597,-1.0519,-1.5431,-1.706,-2.2066,-1.0401,-1.307,-1.6163,-1.5171,-0.9622,-0.7119,-1.2243,-0.7355,-1.353,-1.5218,-0.7226,-0.7603,-2.0366,-1.4156,-0.83,7.5792,10.5189,7.9492,10.5201,7.9515,6.6513,7.6915,11.6253,10.7967,11.1868,11.9303,6.0059,8.7128,12.8913,14.8144,6.5366,5.7447,21,9.8806,8.5922
0-211.txt_41,-0.7344,-0.9422,-1.1766,-1.3562,-2.5141,-0.7344,-0.8828,-2.0609,-1.5047,-0.9469,-0.7844,-0.7562,-1.1562,-1.6359,-1.9953,-0.7,-0.8875,-3.0141,-1.4875,-1.0297,7.349,12.1674,11.6682,14.7387,13.266,10.7887,11.0814,11.5822,12.2175,14.2285,14.1362,10.6729,10.097,18.1002,14.0673,7.7121,7.6557,11.4085,14.3772,9.5649
0-211.txt_43,-1.6457,-1.7559,-1.2205,-1.5433,-2.9764,-1.1969,-0.7874,-2.3071,-1.9843,-1.4252,-1.9213,-0.3701,-1.4094,-2.1181,-3.126,-1.0157,-0.3622,-3.1339,-2.0079,-0.9134,5.2698,12.2143,16.6905,18.1111,13.5397,11.2857,19.2857,16.7063,8.6349,17.373,16.1032,23.0397,19.3016,28.8968,7.2381,7.7381,15.4286,21.9762,15.2302,16.5238
0-211.txt_45,-0.3509,-1.4503,-0.9123,-1.345,-2.3684,-0.9708,-1.2456,-1.1111,-1.4971,-1.4035,-1.6082,-0.9708,-1.0702,-1.462,-2.1462,-0.1404,-0.4327,-2.2573,-1.0234,-0.8596,7.2471,8.8941,11.9941,10.1882,3.2059,6.8882,6.7706,18.9235,6.7882,14.2824,9.6353,9.4,7.5412,19.0294,6.7471,9.7235,6.5294,14.6824,20.2,13.8647
0-211.txt_47,-0.7149,-1.0537,-0.6715,-1.2087,-2.4463,-0.9525,-1.1116,-1.1198,-1.3967,-1.3864,-1.1446,-0.845,-1.2293,-1.2975,-1.7748,-0.2314,-0.4401,-2.1612,-1.0909,-1.0682,5.5963,11.4431,13.4762,13.7143,5.2567,7.8427,8.648,16.1884,9.3851,13.4762,13.9855,8.4658,7.9234,17.6687,11.0911,8.1346,7.207,14.7805,13.9689,10.8302
0-211.txt_49,-0.6316,-1.2684,-0.8579,-0.9526,-2.0263,-0.6684,-0.6842,-1.5316,-1.4158,-1.4737,-1.4895,-0.4526,-1.3053,-1.4895,-1.6789,-0.3421,-0.1579,-2.6789,-0.9789,-1.1368,6.0212,4.5926,10.1746,14.2804,9.455,8.0159,9.6032,9.4762,6.7884,8.6772,9.6667,9.9788,5.1958,14.3228,7.2857,5.9735,9.2751,5.1005,13.2857,8.5661
0-211.txt_51,-0.2388,-1.2976,-0.654,-0.8339,-1.7024,-0.8478,-0.8131,-0.8131,-1.3114,-1.2042,-1.3806,-1.128,-0.9723,-1.2803,-1.8028,-0.0934,-0.3599,-2.1315,-1.0761,-0.8339,6.9549,4.9688,11.2465,15.7396,2.3194,5.3299,7.3889,18.441,3.9479,12.9132,10.6771,4.0833,5.5486,13.059,2.3646,6.8542,6.1354,9.5347,14.5938,10.809
0-211.txt_53,-0.2544,-1.5703,-1.5074,-1.8447,-2.0723,-1.3548,-1.3293,-1.7149,-1.9277,-0.4699,-0.755,-1.249,-0.7938,-1.4485,-2.3159,-0.6667,-0.581,-3.0509,-2.0067,-0.3668,8.7989,10.6515,10.9973,14.4343,12.8472,8.9893,10.8633,16.2105,11.2212,14.744,12.87,10.5724,11.9115,12.7118,12.2118,7.9651,8.4571,16.2735,8.2748,11.9839
0-211.txt_55,-0.8363,-0.8811,-0.9808,-1.1049,-2.1739,-0.5064,-0.4962,-1.5742,-1.4488,-1.5985,-1.445,-0.413,-1.3171,-2.1905,-1.3696,-0.3657,-0.6407,-2.9194,-1.9373,-1.2084,4.6248,11.9232,9.5877,12.6914,15.4725,9.2125,10.6876,13.032,12.0397,11.7746,11.1485,10.4955,8.8988,11.8195,13.8105,6.0371,6.0269,12.4187,10.0615,11.2996
0-211.txt_57,-1.2283,-1.2184,-1.3127,-1.3772,-2.6352,-1.0025,-0.7593,-2.2308,-1.5211,-1.2953,-1.1315,-0.66,-1.2208,-1.6104,-1.9206,-0.9082,-0.9032,-2.6551,-1.2109,-1.0496,5.5448,13.7537,12.4776,16.3159,12.9428,9.4303,13.5522,12.8806,12.8557,14.1269,15.005,14.1244,11.6368,19.7363,15.1318,8.1418,8.0373,19.9552,16.9701,12.2836
0-211.txt_59,-0.8579,-1.0645,-1.145,-1.4243,-2.3354,-0.8544,-0.951,-1.9543,-1.3454,-1.2413,-1.3013,-0.711,-0.9475,-1.7275,-2.0292,-0.6786,-0.6666,-2.999,-1.5313,-1.0276,6.7025,12.3868,12.1496,14.1931,12.5393,9.6207,11.0688,12.304,13.3043,14.3884,13.2112,11.1304,12.367,16.6759,12.1385,7.9069,7.6301,12.4929,13.0889,11.1898
0-211.txt_61,-0.6224,-1.1121,-0.708,-1.1534,-2.177,-0.7345,-0.823,-1.2478,-1.3923,-1.4425,-1.5516,-0.944,-1.1534,-1.705,-1.7375,-0.4366,-0.7699,-2.5664,-1.4572,-1.1357,6.6509,10.2751,12.7929,13.2456,5.8757,8.2663,11.2396,17.1953,8.216,13.8136,12.1568,7.5266,5.7219,13.1124,7.6538,7.0799,5.2367,10.713,9.7012,10.9438
0-211.txt_63,-0.9592,-1.0272,-1.435,-1.7709,-2.4155,-1.1553,-1.3728,-2.0641,-1.0388,-0.9553,-0.5689,-1.2078,-0.5301,-0.9223,-1.8447,-0.932,-0.9204,-2.3515,-1.4835,-0.9476,5.7607,13.3054,10.5467,14.4728,8.4339,9.1693,12.4105,12.0603,13.0156,14.2938,13.5195,10.3813,11.9416,17.6556,15.7626,6.4202,6.0331,17.4027,11.8152,10.035
0-211.txt_65,-0.5135,-1.3784,-0.773,-0.9297,-2.0054,-0.8378,-0.8216,-1.3838,-1.3946,-1.4973,-1.4054,-0.4378,-1.2649,-1.6,-1.8432,-0.2216,-0.1676,-2.5459,-1.0973,-1.2162,6.6685,5.3587,11.8696,13.2065,11.3696,7.7554,8.0163,9.9022,7.913,8.3859,9.7935,11.9783,4.8913,14.6848,7.8913,6.9837,10.0326,6.1033,14.3315,7.6793
0-211.txt_67,-0.8926,-2.4556,-2.463,-3.2444,-2.8296,-2.3259,-2.7926,-1.8704,-2.5185,-0.2852,-0.6519,-2.5222,-0.9815,-0.1296,-2.6,-1.5852,-1.6296,-1.5852,-1.0741,-0.9185,8.8178,13.3309,12.6022,11.0186,8.8439,10.8959,9.5279,26.5167,13.0074,22.6654,18.5353,6.513,14.3643,21.7621,17.1599,8.8699,5.1822,31.7323,18.1264,12.8959
0-211.txt_69,-0.4803,-1.3092,-0.875,-1.375,-1.875,-0.9342,-1.0789,-1.5,-1.5395,-1.2434,-1.2566,-1.0592,-0.9276,-1.7434,-2.0592,-0.3684,0.0789,-2.2303,-1.3487,-0.9342,6.0132,7.6291,10.8344,10.6689,10.0265,6.9735,8.1788,15.4636,8.5695,10.5497,9.7285,6.1921,6.5033,11.245,7.7483,8.0927,12.1192,18.7351,9.5828,9.6026
0-211.txt_71,-0.6109,-2.0243,-2.1307,-3.1064,-0.4985,-2.1003,-2.7204,-2.2523,-1.6626,-0.465,-0.2766,-2.31,-0.3222,-0.3283,-2.3587,-0.6565,-0.4863,-1.8845,-1.1581,-0.2584,8.2683,9.2988,11.9299,7.7774,17.2622,4.8963,4.6067,10.686,11.3262,12.1707,12.0091,5.6524,10.8384,15.8537,12.2561,8.6707,6.0671,23.003,14.0061,9.4451
0-211.txt_73,-0.3643,-1.8216,-1.7761,-2.1252,-2.1803,-1.4744,-1.649,-1.6641,-1.7799,-0.0873,-0.1841,-1.5977,-0.315,-0.7932,-1.8975,-0.8596,-0.6338,-2.1935,-1.3416,-0.1499,7.9867,5.5894,8.7719,8.538,4.5342,5.3859,7.0722,15.5152,10.3042,13.4753,11.6863,5.7738,9.443,14.5989,10.9259,6.519,6.8422,13.3536,7.9563,9.7985
0-211.txt_75,-0.6972,-1.6167,-1.8778,-1.9639,-2.8722,-1.4361,-1.4139,-1.8611,-1.9222,-1.7222,-1.6,-1.4111,-1.6667,-2.2583,-2.4083,-1.3333,-1.0861,-3.3722,-2.275,-1.2889,10.5571,16.5766,12.3315,18.7577,12.3705,11.8384,15.663,24.2228,14.7326,19.0752,19.4986,12.8552,14.2368,20.0306,16.1894,9.0418,9.2173,19.3538,16.3203,17.8942
0-211.txt_77,-0.6072,-1.0095,-0.8397,-1.1954,-2.2837,-0.6584,-0.7571,-1.7239,-1.2932,-1.3178,-1.2704,-0.74,-1.0398,-1.6679,-1.5882,-0.3074,-0.5996,-2.5769,-1.4573,-1.0731,5.8015,9.5052,11.6895,12.1738,6.4824,7.5821,9.6192,10.2498,10.4729,13.094,11.5166,7.7331,7.5565,14.2602,12.2146,7.4501,5.4748,11.5821,10.7797,10.4796
0-211.txt_79,-0.6574,-0.9501,-0.7029,-1.0166,-1.6785,-0.6497,-0.6175,-1.6486,-0.8237,-1.2528,-1.0831,-0.6907,-1.1552,-1.8725,-1.6297,-0.5211,-0.7616,-2.7029,-1.4357,-1.1408,6.1188,10.3563,10.9867,13.2475,11.5627,8.9789,9.5361,11.7503,15.0155,11.2586,11.202,8.4617,7.8324,11.1154,13.7847,5.3762,6.212,11.0022,10.2675,10.6815
0-211.txt_81,-0.5764,-1.7153,-1.4896,-1.6389,-3.0451,-1.309,-1.0174,-2.0521,-1.809,-0.6979,-1.1285,-0.9757,-1.4861,-1.7604,-2.5556,-0.816,-0.941,-3.5139,-1.6736,-0.8993,7.0557,13.6516,11.0523,17.439,8.5122,11.6202,12.8328,18.4634,16.5645,21.4704,17.9756,14.7456,12.0209,16.3902,12.4007,9.0244,8.5749,11.899,14.2962,14.8815
0-211.txt_83,0.0362,-0.9321,-1.4118,-1.1176,-2.0633,-1.2919,-0.776,-1.1833,-0.9661,-0.8824,-0.9299,-1.1538,-0.776,-1.6855,-1.5973,-0.9751,-0.6471,-2.733,-1.629,-0.7353,7.2789,10.7438,9.4467,14.0136,11.551,6.9433,9.7982,13.8571,14.9524,14.0317,12.2177,8.1905,11.8073,12.1746,12.4399,4.6236,6.517,16.3923,10.263,11.2177
0-211.txt_85,-0.7507,-1.5371,-1.128,-1.4857,-1.77,-1.1824,-1.3081,-1.8603,-1.6055,-1.1715,-1.1537,-1.0598,-1.0359,-1.4032,-1.9825,-0.6436,-0.6221,-2.6282,-1.257,-0.6731,6.3676,8.9777,12.7942,14.4614,16.6476,7.6526,8.9945,12.7382,10.1572,12.0931,12.2357,10.0836,8.4956,16.5011,11.4127,7.4055,7.2326,11.6845,15.1055,12.3543
0-211.txt_87,-0.7303,-2.0169,-1.4438,-1.3933,-2.9438,-1.4326,-1.2978,-1.9382,-1.9326,-1.2528,-1.3708,-0.9775,-1.6348,-1.9494,-1.9494,-1.1236,-1,-3.3933,-1.9101,-0.9101,8.9209,11.5311,14.322,18.226,13.887,10.1412,13.9661,19.4746,11.4972,17.5424,15.9605,14.4124,10.791,24.3051,20.2373,8.9322,9.5819,18.5141,15.5028,15.209
0-211.txt_89,-0.704,-1.044,-0.536,-0.976,-1.6,-0.548,-0.588,-1.668,-0.872,-1.168,-1.152,-0.728,-0.724,-1.34,-1.724,-0.272,-0.308,-2.196,-0.888,-0.9,3.9759,5.0482,11.1406,11.3494,11.0522,6.7992,10.502,9.241,10.4779,10.5462,10.1124,6.6867,5.8072,9.9076,4.1647,5.3293,7.8956,5.8394,13.7711,7.49
0-211.txt_91,-0.697,-1.2909,-0.7636,-1.097,-1.8667,-0.7333,-0.6727,-1.497,-1.3697,-1.5212,-1.5697,-0.3333,-1.297,-1.6424,-1.6364,-0.3212,-0.1879,-2.5394,-1.1818,-1.1939,4.8841,4.7195,9.8659,11.128,14.2012,6.6524,9.5061,9.9939,7.0793,7.8659,7.872,10.6402,4.2561,15.0427,9.2866,6.7012,9.6402,6.9146,13.9207,7.5549
0-211.txt_93,-0.0668,-1.6544,-1.8203,-2.1221,-1.9608,-1.3917,-1.7281,-1.4562,-1.9355,-0.5783,-0.4585,-1.4355,-0.5806,-1.3134,-1.6682,-0.7051,-0.6521,-2.2765,-1.5323,-0.4078,9.903,7.6097,7.5335,7.1247,3.2841,4.3626,5.9307,17.0462,8.0139,14.8037,15.6443,4.9908,7.0808,12.4965,12.4273,7.5635,4.6882,10.3649,7.1293,11.4226
0-211.txt_95,-0.8333,-1.3646,-0.5573,-1.2396,-2.1719,-0.8177,-0.776,-1.8125,-1.5625,-1.3281,-1.3906,-0.7292,-1.1927,-1.3854,-1.6615,-0.3906,-0.3438,-2.3958,-1.099,-1.1354,6.2932,6.5864,13.6387,12.267,12.2147,7.6859,10.4136,10.1099,6.8115,10.9005,8.1047,9.5707,5.3613,17.8482,11.1309,6.6283,8.4607,11.5445,17.8796,9.0052
0-211.txt_97,-0.6617,-1.2528,-0.4758,-0.6989,-2.3234,-0.5613,-0.119,-1.3829,-1.3086,-1.6208,-1.7584,-0.3941,-1.4647,-1.777,-1.632,-0.316,-0.4535,-2.5688,-1.3606,-1.1413,5.7425,5.4366,10.9963,12.6791,9.5149,6.1418,9.5672,11.4216,7.1269,9.0448,8.6679,9.0784,5.4366,12.291,8.1418,5.0187,7.4216,8.1343,12.9254,7.5522
0-211.txt_99,-0.4969,-1.2043,-1.4551,-1.5464,-2.1594,-1.1347,-1.1563,-1.6517,-1.3762,-1.0201,-1.0062,-1.2198,-1.1424,-1.531,-1.7399,-0.8421,-0.7399,-2.4644,-1.5015,-0.8204,6.6946,13.2078,10.7085,12.8868,10.9953,8.7256,11.0481,15.6031,12.0434,14.9101,13.4775,10.2853,10.8481,13.8992,15.2202,6.7876,8.0636,18.3705,13.3256,11.6171
0-211.txt_101,-0.6474,-0.9162,-1.7704,-1.6072,-3.0294,-0.9543,-0.9728,-2.2709,-1.5919,-1.7682,-1.2046,-1.469,-1.4755,-2.3417,-2.3177,-1.1393,-1.0925,-3.2285,-2.1458,-1.432,9.6906,18.6133,11.4869,17.3235,7.9259,11.9695,16.5436,13.9444,14.3039,18.3148,20.537,9.3682,12.049,14.9542,13.4989,9.9052,8.2821,15.2255,13.0447,13.5054
0-211.txt_103,-1.5839,-1.5839,-1.2263,-1.4015,-2.8832,-0.9708,-0.635,-2.1898,-1.8759,-1.3723,-1.9635,-0.3431,-1.4234,-2.0146,-2.854,-0.8686,-0.3723,-3.1752,-1.854,-0.9197,4.9412,11.0956,14.8676,16.0147,11.9632,11.0515,19.4265,15.3971,7.3897,15.625,14.5441,22.5735,17.8456,25.7132,7.3015,7.5956,14.3897,19.4118,13.9044,15.4706
0-211.txt_105,-0.4588,-1.3608,-2.3454,-2.1701,-2.5361,-1.3144,-1.4742,-2.4742,-1.8866,-1.8505,-1.5052,-1.8093,-1.8608,-2.5722,-2.8557,-1.2835,-1.4639,-3.3299,-2.5,-1.366,12.0466,19.2902,12.3316,19.2383,12.5078,15.4456,19.8497,22.2176,15.5855,20.6218,23.0155,15.6632,12.7358,20.456,16.2435,12.9016,9.0984,16.9585,17.4819,14.4301
0-211.txt_107,-0.4907,-1.5762,-1.3234,-1.9442,-2.5911,-1.4981,-1.881,-1.145,-1.9442,-1.8848,-1.974,-1.4201,-1.5428,-2.1004,-2.026,-0.6691,-0.8253,-2.8141,-1.8885,-1.3606,10.5373,13.0075,15.4813,13.847,15.8694,12.0485,9.5261,19.0075,11.1306,13.1119,10.541,12.1866,10.9776,18.2052,13.6082,10.6418,11.0149,21.8993,16.1119,13.5224
0-211.txt_109,-1.0887,-1.3891,-1.3072,-1.4573,-2.314,-1.0205,-1.2389,-2.1058,-1.6143,-0.9249,-0.8771,-1.2048,-1.0171,-1.5222,-1.3447,-0.7509,-0.8362,-2.4846,-1.5017,-0.9078,5.3836,12.1473,13.6884,13.9075,11.0788,9.9521,10.137,10.8459,14.7192,18.5,15.613,10.0719,11.1747,16.5993,18.2603,8.0103,6.0582,19.5137,12.8973,12.3151
0-211.txt_111,-0.4305,-1.2646,-1.4484,-1.5471,-2.2601,-1.0493,-0.9686,-2.1614,-1.2108,-1.3812,-0.8744,-0.6457,-0.9238,-1.1928,-1.6637,-1.1525,-1.0628,-2.2466,-1.0179,-1.1256,7.2928,14.4685,11.545,14.8423,14.518,11.3919,12.1802,10.036,12.8514,14.5405,14.1126,13.6622,12.5586,22.2072,17.018,7.7297,5.6306,26.1036,17.7477,11.7838
0-211.txt_113,-1.0038,-0.8601,-1.0413,-1.4131,-1.216,-0.5671,-0.815,-1.7531,-0.846,-1.2347,-0.3099,-0.9164,-0.9775,-1.2338,-1.5268,-0.3878,-0.8366,-2.2451,-1.7239,-1.0789,5.3299,12.8825,11.8036,13.1259,15.9906,11.8233,11.3214,10.9643,16.2791,10.3882,18.0329,10.3036,8.7415,14.1551,10.2782,9.375,6.3139,14.6476,8.0141,7.2848
0-211.txt_115,-0.5291,-0.6852,-0.9524,-0.9841,-2.045,-0.2566,-0.3862,-1.4021,-0.9101,-1.6455,-1.2328,-0.627,-1.0635,-2.0608,-0.6429,-0.0608,-0.5503,-2.8148,-1.5582,-1.3386,4.4191,8.4138,8.321,10.0663,10.939,9.3448,8.0133,8.9416,11.6578,9.0239,9.7347,7.2042,9.756,9.5862,14.7003,5.6605,4.5252,8.6684,9.618,6.8912
0-211.txt_117,-0.7548,-1.1634,-1.4946,-1.3634,-2.9462,-1.1806,-0.8366,-2.3269,-1.357,-1.2366,-1.2645,-0.9548,-1.271,-1.7312,-2.086,-1.2731,-1.3462,-2.671,-1.557,-1.4215,7.8728,18.4806,12.8297,18.6552,11.6616,9.5086,14.3082,15.7953,15.7241,19.056,18.3922,12.1659,15.5862,19.5216,13.5,8.1789,8.0711,24.2608,16.7349,11.7866
0-211.txt_119,-0.6867,-1.2048,-0.6867,-0.9639,-1.9578,-0.8313,-0.8012,-1.4759,-1.3313,-1.5181,-1.5663,-0.5181,-1.1687,-1.5904,-1.6024,-0.4217,-0.1084,-2.5422,-1.1386,-1.1446,5.4424,6.6485,10.0788,12.4727,14.1758,6.2182,8.9758,11.6545,8.3636,8.9333,8.5091,10.6061,6.9697,14.7212,9.4485,5.5455,10.1939,6.6242,15.8364,8.2182
0-211.txt_121,-1.3077,-1.1282,-1.8654,-2.2692,-0.6474,-1.1026,-1.4487,-2.6987,-1.5064,-1.6667,-0.9359,-1.3333,-1.9936,-1.8141,-2.6923,-1.3077,-1.1218,-3.109,-1.3654,-1.4167,7.4387,24.6581,14.7161,18.3806,37.7419,14.0129,15.5355,15.9355,17.5355,17.3548,18.8194,16.0903,9.8194,20.6516,16.8,9.1226,8.5097,19.1097,21.2516,12.8516
0-211.txt_123,-0.1117,-2.2405,-1.803,-2.5739,-1.714,-1.6042,-2.2235,-0.8769,-2.4489,-0.1117,-0.2216,-2.0227,-0.2557,-0.2197,-1.786,-0.3011,-0.5492,-1.7595,-1.0966,-0.3182,5.6755,7.4516,8.0266,7.3074,8.3529,6.8027,4.9905,14.3207,6.6224,11.1423,9.778,4.5351,7.9753,12,11.6205,6.3852,4.6376,20.0778,9.9981,7.222
0-211.txt_125,-1.5556,-1.6296,-1.1407,-1.437,-2.8667,-1.1333,-0.6815,-2.2222,-1.8889,-1.4593,-1.9111,-0.363,-1.3556,-2.0222,-2.9185,-0.9852,-0.3556,-3.1407,-1.9556,-0.8963,4.8881,11.5,14.1866,15.7836,12.8731,10.8507,19,16.6343,8.3284,16.4552,15.4403,22.4851,17.8731,26.5597,7.3284,7.3881,14.7836,19.3806,13.6343,16.2164
0-211.txt_127,-1.5455,-1.7727,-1.1439,-1.4394,-2.9394,-1.1364,-0.7197,-2.1591,-1.9167,-1.447,-1.8939,-0.447,-1.447,-1.9545,-3.0076,-0.9394,-0.3258,-3.0682,-1.9167,-0.8636,5.5115,11.1374,14.6947,16.1527,12.8397,10.3206,18.6412,16.3588,7.7405,15.6336,15.5725,21.9771,17.3435,26.0992,7.3435,7.0916,15.6412,21.1908,14.1756,14.8626
0-211.txt_129,-0.9012,-1.1075,-0.6724,-1.2322,-2.7851,-0.9411,-1.1023,-1.4038,-1.513,-1.3882,-1.2894,-0.844,-1.2981,-1.4887,-2.0971,-0.4558,-0.6222,-2.5338,-1.104,-1.234,5.0156,13.8854,14.9028,15.0712,3.651,9.6163,10.7274,16.9705,8.4844,15.783,14.5399,11.0625,7.2483,18.2465,10.9497,8.2674,7.6319,12.1128,15.7743,12.0955
0-211.txt_131,-0.6951,-1.1217,-0.8811,-1.2797,-2.0503,-0.7203,-0.8364,-1.6378,-1.2014,-1.2364,-1.2406,-0.9371,-0.8531,-1.7706,-1.7077,-0.414,-0.3692,-2.6629,-1.3902,-1.0378,5.6527,10.2395,12.0574,14.4104,6.4384,7.7885,11.6611,12.1751,9.895,15.5994,12.9594,7.8263,7.493,11.6877,7.958,7.0252,5.3417,5.8025,7.7017,12.1359
0-211.txt_133,-0.7569,-1.1805,-1.6416,-1.6416,-2.7218,-1.1078,-1.1805,-2.2005,-1.4737,-1.5213,-1.2506,-1.2632,-1.2732,-1.7318,-2.3158,-1.1303,-1.0777,-2.8371,-1.6065,-1.3634,8.9347,15.6809,12.8744,20.7513,11.4673,11.5176,14.5578,15.304,14.4045,17.5477,19.0779,11.8744,11.8015,23.3291,12.1583,8.9573,8.4673,17.093,14.902,13.1859
0-211.txt_135,-0.7394,-1.1568,-1.3284,-1.4047,-2.8178,-0.9534,-0.6864,-2.0042,-1.5339,-1.0784,-1.0614,-0.8602,-1.1801,-1.5106,-2.1335,-1.0403,-0.9555,-3.072,-1.6059,-0.9915,6.8429,15.6709,10.7219,15.8684,8.5414,9.6667,13.9915,13.172,12.8132,18.4459,15.4246,10.8684,11.4544,19.7091,12.9448,7.9384,8.3227,12.758,13.2187,13.3546
0-211.txt_137,-0.6078,-1.0241,-0.819,-1.1719,-1.8341,-0.5928,-0.5807,-1.7541,-1.1735,-1.0196,-1.0121,-0.6697,-0.6275,-1.3167,-1.5641,-0.2911,-0.5113,-2.3394,-1.1176,-0.8296,3.9834,7.4245,9.2931,9.8157,7.142,7.3807,11.1601,8.8927,7.7931,12.6616,10.8505,8.2009,5.9955,12.352,8.2477,6.0695,4.7054,5.2674,9.2341,9.0816
0-211.txt_139,-0.1259,-1.3102,-1.2719,-1.3777,-2.2536,-0.8814,-1.1442,-1.365,-1.4142,-0.9872,-1.0766,-1.2026,-1.031,-1.7518,-1.4763,-0.75,-0.7208,-2.688,-1.5821,-0.6642,7.5466,10.0987,11.1993,14.2194,11.4973,8.6271,9.192,15.5521,13.9415,15.2102,12.6819,6.8995,11.1188,14.3126,17.9342,5.6929,6.0804,14.5229,12.9122,11.3821
0-211.txt_141,-1.1776,-0.5467,-1.5514,-2.0888,-2.5421,-0.743,-1.1869,-1.9299,-1.1682,-1.785,-1.7103,-0.8411,-1.3505,-2.1916,-1.9907,-0.9299,-0.9579,-2.1449,-1.4533,-1.4907,7.8075,18.1221,9.1596,11.3803,9.5634,12.2535,12.6479,14.1596,17.3333,12.7981,13.0939,11.5446,7.7793,11.7746,16.3005,8.4742,7.9484,29.2723,12.9577,11.8826
0-211.txt_143,-1.5789,-1.7519,-1.1955,-1.5338,-2.9323,-1.1203,-0.7594,-2.2782,-1.9624,-1.4737,-1.9699,-0.406,-1.4511,-2.1429,-3.0451,-0.9925,-0.3534,-3.218,-1.9925,-0.8872,5,11.9167,16.5152,17.25,12.5682,11.4318,20.2348,17.1894,8.6742,17.3864,15.7727,23.6061,18.3182,26.447,7.8182,7.2879,15.1591,20.6136,14.7424,16.75
0-211.txt_145,0.0128,-1.0527,-1.3594,-1.1502,-2.738,-0.8275,-1.0942,-0.9936,-2.0112,-1.5383,-1.2812,-1.5192,-1.4585,-2.2396,-1.0815,-0.2891,-0.3339,-2.7316,-1.9808,-0.5799,7.0032,12.6736,7.8624,13.4176,2.7456,8.7616,8.2752,12.7344,6.2672,9.7744,11.2032,4.792,6.832,8.8816,16.0224,7.6816,8.0752,13.4304,9.0464,12.2624
0-211.txt_147,-0.7359,-1.2214,-1.2472,-1.5055,-2.3368,-0.8678,-1.0255,-1.7043,-1.4895,-0.9864,-0.7565,-1.1039,-0.8259,-1.2168,-1.6296,-0.6127,-0.7565,-2.4595,-1.4591,-0.8682,6.4601,9.9145,10.5867,11.544,8.4392,8.9408,9.9141,12.7638,9.463,12.067,13.2136,7.7317,9.9425,14.4363,12.9022,7.9503,6.0197,12.4092,9.9117,9.6323
0-211.txt_149,-1.0141,-1,-1.2113,-1.5822,-3.0141,-1.1033,-1.0282,-2.4836,-1.0469,-1.507,-1.2019,-0.9343,-1.4507,-1.507,-2.1831,-1.4131,-1.4178,-2.5775,-1.5728,-1.5164,6.8774,18.0849,16.1509,19.4057,9.0472,9.9104,17.9528,16.9575,20.8208,17.9245,17.8821,13.3774,13.3019,21.0849,16.8868,6.3585,6.4009,26.3679,16.0755,13.4292
0-211.txt_151,-0.2036,-2.3892,-1.6453,-2.2644,-3.069,-1.6371,-1.9245,-1.1954,-2.3021,-0.2332,-0.8177,-1.4532,-0.6404,-1.1872,-2.0197,-0.9984,-0.7734,-3.0411,-1.9409,-0.4877,7.0724,6.7319,12.574,10.8174,5.0822,8.653,9.3158,19.2566,11.2911,18.3487,12.8405,9.8421,12.1941,18.3783,16.5658,7.2039,7.551,12.1711,10.1776,12.6365
0-211.txt_153,0.0335,-1.1004,-1.1088,-1.2239,-2.3888,-0.1932,-0.645,-1.0084,-1.4378,-1.9693,-1.7108,-0.7466,-1.4661,-2.5008,1.0291,0.4753,0.096,-3.0315,-2.0737,-1.1331,5.0171,6.5424,4.8306,5.9287,5.1503,6.7346,6.153,9.1072,7.3292,5.6182,6.7724,4.8533,5.6764,6.2236,18.3826,5.4556,5.6851,4.829,5.9621,6.7326
0-211.txt_155,-0.1266,-0.5444,-0.648,-0.9194,-1.2714,-0.0789,-0.0477,-1.7944,-0.5296,-1.2155,-0.6086,-0.1283,-0.6941,-1.4441,-2.0592,-0.7072,-1.0954,-2.0148,-0.4984,-1.3668,8.3904,7.6969,9.0115,10.117,14.3822,6.7298,8.4975,11.1549,9.6722,9.2521,11.0988,8.3394,7.8188,9.8748,9.313,4.0247,3.8567,18.9522,11.5272,5.3558
0-211.txt_157,-1.5412,-1.3647,-1.5294,-2.1294,-1.7059,-1.4353,-2.0471,-2.3412,-1.3176,-1.8824,-1.7294,-1.0706,-1.5647,-1.9882,-2.7765,-0.5882,-0.5059,-2.7412,-1.7412,-1.5529,5.5714,19.7738,10.6667,13.2024,20.9762,11.3095,8.619,15.5119,14.9643,14,16.9405,17.6905,10.9286,24.5238,10.4881,12.1667,12.2143,19.9048,17.5357,13.4405
0-211.txt_159,-0.3193,-1.494,-1.4458,-1.6024,-1.3133,-1.0964,-1.2952,-1.0602,-1.7651,-1.9578,-1.4819,-1.5542,-1.4096,-2.3675,-1.3675,-0.3434,-0.9518,-3.1024,-2.1747,-1.5422,5.5758,12.1697,8.2848,10.5152,33.6909,8.7212,9.6424,18.2242,9.2242,9.1818,10.4909,5.4303,8.2485,8.7152,21.1879,6.0606,4.7455,3.9758,7.1455,7.4606
0-211.txt_161,-0.4609,-1.1565,-1.113,-1.3652,-2.0696,-0.7043,-0.7739,-1.7913,-1.4087,-0.7043,-0.9217,-0.6261,-0.6174,-1.687,-1.6087,-0.8,-0.5391,-2.6783,-1.6,-0.5826,5.3158,8.6754,11.0965,11.9912,6.4912,8.9123,12.693,9.6842,11.5789,12.0877,10.6754,11.4649,7.7193,12.1053,13.2105,3.9561,4.7544,4.4035,7.6579,10.3509
0-211.txt_163,-0.5376,-1.6372,-0.6704,-1.0155,-2.8075,-0.9912,-1.1925,-0.9513,-1.6925,-1.7124,-1.6615,-1.1239,-1.2124,-1.4867,-2.1726,-0.4912,-0.6726,-1.9801,-1.1903,-1.4403,8.918,8.9712,11.7517,13.9778,2.7982,9.5698,9.8027,16.7384,7.2616,12.6918,11.6674,8.612,9.4324,17.7982,7.3614,7.8137,7.5676,24.2395,15.2838,10.7361
0-211.txt_165,-0.2941,-1.1457,-0.7339,-1.2017,-2.3838,-0.507,-0.7507,-1.3585,-1.2465,-1.6303,-1.4314,-0.8179,-1.1148,-1.8599,-0.8992,-0.0476,-0.3473,-2.6078,-1.6751,-1.2045,5.7191,7.5843,9.4663,10.9242,4.2303,9.7556,8.1461,9.8399,10.4747,9.7978,9.2921,6.2275,7.2303,10.1208,16.6629,6.6404,5.8764,9.6854,7.9185,8.7781
0-211.txt_167,-0.6238,-1.1436,-0.7277,-1.0248,-1.7921,-0.5347,-0.797,-1.3861,-1.3465,-1.1832,-1.4356,-0.6139,-1.1139,-1.396,-1.5693,-0.2277,-0.1337,-2.3317,-1.099,-1.0644,4.8607,6.8308,9.1493,12.6368,12.4975,8.6269,9.4627,10.9403,4.9453,9.4428,7.3383,8.8607,4.204,16.1194,8.3682,6.9104,8.5323,5.3234,13.0149,6.7662
0-211.txt_169,-0.4868,-1.0757,-1.6711,-1.273,-2.8388,0.023,-0.6217,-0.5493,-1.8618,-2.4375,-1.9112,-0.6579,-1.7237,-3.0099,1.0428,-0.2401,-0.5395,-3.3816,-2.4112,-1.7632,3.5446,7.8086,5.9934,8.6601,6.7393,8.5281,7.67,13.7261,10.6271,6.4752,9.231,6.5875,6.3696,5.0693,12.8515,6.1089,6.4356,6.7426,5.9703,6.6271
0-211.txt_171,-0.6767,-0.8922,-1.1971,-1.3906,-2.134,-0.7178,-0.6927,-1.6693,-1.4261,-1.0369,-0.8812,-0.8961,-0.7384,-1.2173,-1.4895,-0.3325,-0.6147,-2.4658,-1.3726,-0.9575,5.7674,9.9369,9.0085,9.9805,10.9819,7.9805,8.4567,9.3784,10.0645,10.2603,10.7929,6.9613,10.1266,13.811,11.9826,7.2599,5.944,12.5004,9.5578,7.8323
0-211.txt_173,-1.226,-1.4068,-1.209,-1.5424,-2.6441,-0.8814,-0.7627,-2.1412,-1.8757,-1.3446,-1.6102,-0.3559,-1.0113,-1.9718,-2.6045,-0.774,-0.2542,-2.887,-1.8983,-0.7571,5.1818,9.892,12.2273,14.4602,11.0227,9.9091,15.6818,14.6932,7.4205,14.5511,14.4943,17.8807,15.4148,20.4489,6.7159,7.4602,13.1932,16.5739,10.9659,14.1364
0-211.txt_175,-0.4675,-1.4903,-0.9286,-1.5844,-2.4838,-0.9351,-1.3377,-1.3312,-1.5747,-1.4903,-1.1818,-1.039,-1.1753,-1.5714,-1.9123,-0.2955,-0.2273,-2.7532,-1.5844,-1.0032,7.5016,9.5309,13.8664,13.9902,6.9544,11.5896,8.7199,18.772,11.6971,12.3192,16.5798,9.9642,8.114,19.0814,10.4886,8.9283,9.4821,11.1173,12.2899,12.2704
0-211.txt_177,-1.1325,-0.5451,-0.2237,-0.375,1.766,-0.2641,-0.6391,-0.3778,0.4765,-1.5432,-1.625,-1.0912,-1.2622,-1.1165,-0.343,-0.3045,-0.4859,-1.4483,-0.828,-1.2209,1.9454,6.2427,6.8006,6.8485,30.2888,5.9135,5.7836,10.1947,9.381,5.4534,3.6745,4.7686,7.2578,9.4722,8.4309,3.6642,5.207,21.969,10.3575,4.7883
0-211.txt_179,-0.9804,-1.0554,-0.6432,-1.2581,-2.0723,-0.7081,-0.9257,-1.5845,-0.8878,-1.6912,-1.477,-0.8405,-1.3757,-1.3466,-1.8061,-0.3047,-0.6459,-2.1223,-1.0838,-1.4284,5.6795,10.2272,14.0183,13.5429,23.5118,10.1947,11.025,10.6978,16.1812,11.2989,9.2718,9.8803,10.073,14.5544,14.3895,8.3381,6.6031,33.5909,12.973,8.165
0-211.txt_181,-0.6746,-1.2485,-0.716,-1.0592,-1.7456,-0.7101,-0.6627,-1.5621,-1.2959,-1.4556,-1.4497,-0.6686,-1.0651,-1.5089,-1.6686,-0.3669,-0.355,-2.3491,-1.1302,-1.1302,5.244,5.6786,10.7917,14.4583,13.8214,7.375,9.8214,10.6548,5.4286,8.2917,8.5595,10.381,5.2143,18.625,8.3869,5.8571,8.4821,5.869,13.8452,6.8631
0-211.txt_183,-0.4341,-1.1938,-0.845,-1.6124,-1.6977,-0.969,-1.0853,-1.4419,-1.0698,-0.9612,-1.1395,-0.8837,-0.8372,-1.3178,-1.4574,-0.3488,-0.4186,-2.1473,-0.907,-0.6279,5.6484,8.8672,11.0625,6.7344,5.9375,3.5625,5.4375,11.1172,10.3906,13.1172,7.5625,8.3516,5.75,9.1484,11.8047,6.7969,5.2891,13.0312,11.6562,12.6562
0-211.txt_185,-0.8359,-1.3744,-0.6974,-1.1641,-2.2154,-0.8205,-0.6872,-1.6769,-1.4667,-1.2974,-1.2872,-0.3795,-1.3282,-1.4513,-1.8205,-0.4974,-0.3128,-2.7179,-1.2615,-1.1487,6.268,7.4175,12.9897,13.0773,11.8247,8.2784,9.1134,11.8299,7.7629,9.8247,11.1701,12.1289,6.5206,16.7474,8.8351,6.1856,8.8351,8.0258,14.232,8.5515
0-211.txt_187,-1.0415,-0.9936,-1.0192,-1.0543,-1.5527,-0.7125,-0.4473,-2.0415,-1.2077,-1.6518,-1.4185,-0.5942,-1.2843,-2.0671,-1.3898,-0.3323,-0.9201,-3.2013,-1.8498,-1.2428,4.5641,11.5513,10.6538,10.6282,30.2564,9.4647,11.1506,9.5801,14.6987,10.9359,10.8878,10.3686,8.9455,12.8429,17.7821,7.5321,5.5705,8.8558,10.875,9.8045
0-211.txt_189,-0.6581,-1.0588,-1.1581,-1.5257,-1.9743,-0.5956,-0.7243,-1.4669,-1.4559,-1.2831,-1.1801,-0.7757,-0.8272,-1.6654,-1.3419,-0.5294,-0.489,-2.1985,-1.2978,-1.0257,4.5535,9.6642,7.952,9.6347,6.3358,9.1919,9.8967,12.6015,6.3542,11.6937,10.7749,8.2731,6.2288,11.6052,12.9041,7.4207,5.7749,11.369,8.7823,8.9594
0-211.txt_191,-0.3105,-1.4729,-0.6467,-0.9459,-2.8661,-0.8348,-1.1197,-0.5385,-1.6353,-1.7436,-1.5954,-0.8262,-1.4929,-1.5413,-2.3105,-0.4046,-0.6182,-2.5328,-1.0655,-1.1481,8.1457,8.9286,11.6943,14.0486,0.96,9.0514,7.8771,18.7371,6.7286,11.0543,13.0086,9.7057,6.8743,17.3571,5.5343,8.2057,7.0086,10.94,18.6,13.0514
0-211.txt_193,-0.7437,-1.1457,-0.505,-1.1231,-2.0151,-0.7462,-0.9271,-1.309,-1.1608,-1.3266,-1.4422,-0.7714,-0.9774,-1.6181,-1.7789,-0.3894,-0.4849,-2.2965,-1.2814,-1.093,4.1461,8.2645,13.728,12.7305,7.7431,6.6272,8.995,13.796,7.6247,12.1864,9.5567,8.5919,5.864,11.0705,7.3023,5.4685,5.5567,11.5516,10.8741,9.9018
0-211.txt_195,-0.7262,-1.3651,-0.5397,-0.4782,-2.9325,-0.9226,-1.0794,-0.8929,-1.2738,-1.6865,-1.6528,-1.1052,-1.6548,-1.6012,-1.9385,-0.3909,-0.5456,-2.623,-1.244,-1.4782,6.5209,8.8668,12.8668,17.6044,2.3121,7.7992,8.6302,16.3996,13.7535,12.1014,12.0875,7.0378,5.7773,17.501,8.8211,7.4911,8.6203,11.5666,14.7932,9.2604
0-211.txt_197,-0.2946,-1.2378,-0.6919,-1.2243,-2.8784,-0.8054,-1.0595,-1.2108,-1.7405,-1.4757,-1.5,-0.8676,-1.4405,-1.7459,-1.8865,-0.627,-0.6919,-2.7432,-1.427,-1.0946,7.5366,11.8943,14.3794,13.3198,3.5176,9.9539,10.0786,17.4824,8.0488,13.0434,13.5285,9.6802,8.0813,15.3415,10.3333,7.0894,8.3767,14.1463,15.4282,11.2846
0-211.txt_199,-0.4722,-1.0769,-1.0299,-1.4551,-2.5427,-0.9103,-0.9487,-1.6944,-1.4423,-0.7479,-0.9573,-0.6325,-1.3184,-1.4829,-1.8483,-0.7393,-0.8568,-2.9209,-1.4103,-0.8526,7.4582,8.6188,10.9143,11.4475,7.2848,7.9186,9.5118,10.1927,11.1199,14.06,11.8608,9.197,8.8051,11.6981,11.6745,6.5203,6.7388,9.6146,11.1991,10.5632
0-211.txt_201,-0.5698,-0.7946,-1.0039,-1.0078,-2.2984,-0.5504,-0.5039,-1.4225,-1.4031,-1.655,-1.5543,-0.0194,-1.1667,-2.0155,-1.8721,-0.3333,-0.7054,-2.6085,-1.7209,-1.2868,5.9533,11.0117,7.6304,13.2646,9.2023,6.9728,10.2529,12.6109,7.7938,12.1556,10.8054,12.2374,7.9728,12.3191,7.7276,6.9572,5.6265,9.6537,8.9844,9.5837
0-211.txt_203,-1.2895,-1.6842,-1.2697,-1.5724,-2.6447,-1.0658,-0.7368,-2.1842,-1.7961,-1.2434,-1.6382,-0.4408,-1.2303,-1.7961,-2.8289,-0.8487,-0.375,-2.9539,-1.7961,-0.7434,5.2252,10.6159,14.0861,15.1126,13.0927,9.5629,17.1987,15.3311,7.9536,14.3709,14.1325,20.351,16.7086,23.5033,7.8609,6.6954,12.6623,19.8874,11.6358,14.4636
0-211.txt_205,-0.0273,-2.3354,-1.9203,-3.0461,-1.7107,-1.7275,-2.717,-0.8742,-2.4822,0.1803,0.0566,-2.3438,0.2956,0.1342,-2.0398,-0.2998,-0.4067,-1.327,-1.0335,-0.0587,4.7458,7.645,8.0609,7.5756,7.7542,7.5525,4.792,14.4832,7.7164,10.3277,9.9139,4.8424,10.2941,13.084,11.2038,6.2458,5.25,23.2395,9.9601,6.9958
0-211.txt_207,-0.6922,-0.8751,-1.0355,-1.1434,-2.6164,-0.776,-0.5649,-1.8622,-1.3892,-1.3691,-1.2168,-0.5979,-1.1539,-1.618,-1.5101,-0.1467,-0.6221,-2.8018,-1.618,-1.1305,6.046,11.1927,9.4806,11.6766,8.9992,7.9589,10.8065,11.125,12.3903,12.3331,11.8516,9.2226,10.254,15.1944,13.504,8.1177,6.4452,13.0113,10.7879,9.2073
0-211.txt_209,-0.5267,-0.0016,-0.4301,-0.593,-1.8161,0.9794,1.0364,-2.2389,-0.4644,-1.2546,-0.595,0.6063,-0.439,-2.1059,-2.2963,-0.3351,-0.6079,-2.5521,-1.7357,-1.2846,2.7825,5.9224,5.8209,7.3522,7.9931,5.9458,8.2398,3.9814,5.6292,8.3947,11.478,6.0368,6.1613,6.1731,4.0182,4.1177,3.3195,8.8706,5.2681,5.9406
0-211.txt_211,-1.5038,-1.7068,-1.1955,-1.4436,-2.8872,-1.0902,-0.7519,-2.1278,-1.9173,-1.4436,-1.9398,-0.4211,-1.4436,-2.0902,-2.9699,-0.9474,-0.3233,-3.1429,-1.9925,-0.8722,5.8712,11.1818,14.6061,15.9242,12.5682,10.9848,19.3636,17.8409,7.6742,15.3864,15.8258,23.2576,17.3561,25.4015,6.8788,6.6818,14.7652,19.0455,13.3561,14.7045
0-211.txt_213,-0.6765,-1.16,-1.4141,-1.46,-2.8906,-0.9282,-0.8459,-2.0847,-1.6341,-1.18,-1.0718,-0.6129,-1.3435,-1.8482,-2.1447,-1.0259,-1.04,-2.9188,-1.6906,-1.2824,8.1131,13.2792,12.5289,17.1378,9.8233,10.8021,13.8751,15.5536,13.4676,19.3239,16.9812,12.8327,11.7079,18.2697,13.4264,7.1095,7.384,17.8245,16.2203,12.9423
0-211.txt_215,-0.8086,-1.3333,-0.9012,-1.0309,-1.9321,-0.8519,-0.7037,-1.4691,-1.5,-1.4321,-1.4383,-0.5062,-1.2469,-1.4383,-1.8457,-0.4691,-0.2531,-2.6296,-1.1296,-1.2901,4.7702,5.764,8.2112,12.5466,15.3975,7.6273,11.8944,11.8012,6.5776,8.8075,8.8571,10.4534,4.913,16.9752,8.2484,7.6708,9.9379,5.8447,15.2422,6.5776
0-211.txt_217,-0.0286,-1.1304,-1.5355,-1.4214,-2.4124,-1.0294,-0.9975,-1.3468,-1.5627,-1.3036,-1.1763,-1.2229,-1.2002,-2.0036,-1.5904,-0.5643,-0.6613,-2.9114,-1.9574,-0.7825,8.5499,12.3233,9.6582,14.7134,11.115,8.9456,10.7109,15.8343,13.9162,14.2594,13.6576,8.265,10.8413,13.779,14.7173,7.2224,7.1699,16.5956,11.0367,12.4958
0-211.txt_219,-0.2121,-1.5603,-1.6401,-1.9494,-2.6518,-1.286,-1.321,-1.9494,-1.7023,-1.4922,-1.3074,-1.4455,-1.251,-2.4377,-2.286,-0.7996,-0.8911,-3.4922,-2.2899,-1.1128,11.2768,13.5906,13.1209,14.924,9.6277,11.46,14.7856,18.1014,15.1404,17.8304,19.5224,9.4678,12.4659,12.7914,14.9942,9.7505,7.1832,6.6316,9.4971,14.9025
0-211.txt_221,-0.4127,-1.496,-1.9286,-2.3492,-1.8889,-1.2937,-1.6746,-1.6071,-1.7937,-0.9444,-0.3016,-1.4444,-0.5952,-0.9286,-1.9683,-0.7262,-0.7698,-1.9881,-1.2143,-0.6865,7.8964,8.0837,5.6096,6.8207,10.1394,7.1594,6.5657,16.6414,9.6255,9.8964,14.6972,5.7171,8.6653,17.7849,11.3984,8.1833,5.8566,19.1952,11.4622,9.0279
0-211.txt_223,-0.3424,-0.1828,-1.072,-0.9942,-2.7841,0.5409,0.6237,-2.1348,-1.33,-1.6807,-0.7916,0.1522,-0.9603,-2.4822,-2.3987,-0.5095,-0.8644,-3.1629,-2.1919,-1.4615,6.2111,9.4694,8.096,9.9917,5.8535,9.3998,10.5157,7.5315,9.6035,10.5116,14.6573,7.1722,9.3535,8.9901,6.1002,6.1738,5.3096,7.3593,5.6705,7.9222
0-211.txt_225,-1.0092,-1.1994,-1.2945,-1.3436,-2.8804,-0.7791,-1.2178,-0.6994,-1.3313,-2.2546,-1.8988,-1.0368,-1.5368,-2.316,-1.0399,-0.8405,-1.2515,-3.0798,-2.0307,-1.9172,5.8277,13.5415,12.0369,14.2062,14.6677,11,11.3292,29.7446,15.0246,12.1108,13.1692,13.0769,12.7231,16.1692,18.8646,7.0246,7.0523,21.1323,15.9015,9.1785
0-211.txt_227,-0.4183,-0.9278,-0.7338,-1.0076,-1.9202,-0.654,-0.6008,-1.1559,-1.1255,-1.3346,-1.3384,-0.597,-0.8897,-1.5741,-1.5399,-0.308,-0.4525,-2.2928,-1.2433,-0.9163,5.958,7.458,9.0725,13.8015,2.7672,4.8893,8.2481,15.6107,7.8435,13.6985,11.7863,7.9008,6.3931,9.9237,6.2137,4.5458,6.3702,6.7099,10,11.3588
0-211.txt_229,-0.2641,-1.1303,-1.4225,-1.3239,-2.169,-0.7148,-0.8768,-1.6127,-1.7254,-1.2782,-1.0704,-1.3063,-1.1127,-2.0915,-1.3239,-0.6585,-0.7641,-2.6937,-1.9366,-0.9894,7.2367,11.2367,8.841,12.8516,9.3286,10.2226,13.0777,14.9152,8.9541,15.2297,15.6502,4.1237,8.3428,10.2509,16.6219,6.4664,5.7456,10.9647,7.0919,12.523
0-211.txt_231,-0.2639,-1.0396,-1.5435,-1.6253,-2.81,-1.3562,-1.3034,-1.5989,-1.8074,-1.1979,-1.3272,-1.2243,-1.1636,-2.6491,-2.6306,-1.0422,-1.0317,-3.6807,-2.5251,-0.942,9.082,14.2593,12.6455,17.6111,8.3175,10.1085,13.7407,18.9894,13.0741,19.5556,16.5661,11.6825,10.7143,11.2566,11.7593,7.6931,7.6376,10.8519,9.7328,15.0847
0-211.txt_233,-0.6644,-0.7494,-0.8391,-1.1218,-2.092,-0.5517,-0.5977,-1.6184,-0.9862,-1.1425,-1.3885,-0.6805,-0.8713,-1.3816,-1.7448,-0.4069,-0.6552,-2.469,-1.0529,-1.0322,4.7719,11.7673,9.2074,14.1728,7.6636,7.1152,11.3018,10.1774,8.1728,11.5645,11.2857,8.5899,5.1336,13.0046,6.5115,6.4124,3.6129,4.5369,11.0046,9.1475
0-211.txt_235,-0.6401,-1.1352,-0.4674,-1.0928,-3.7752,-0.7134,-1.3876,-1.1531,-1.8779,-1.6221,-1.6075,-1.1645,-1.816,-1.6612,-2.0635,-0.2068,-0.1498,-2.4186,-0.8958,-1.3909,6.385,13.0832,18.199,17.9119,2.0897,11.46,10.7896,15.3785,9.354,16.4633,14.4062,9.8042,9.2316,18.6297,11.6444,8.7259,10.1631,25.9755,21.3458,13.1109
0-211.txt_237,-0.6532,-1.2775,-0.7457,-1.0462,-1.8497,-0.7283,-0.763,-1.5087,-1.3642,-1.4624,-1.4393,-0.4451,-1.1098,-1.3468,-1.7225,-0.3121,-0.2139,-2.3699,-1.1329,-1.2254,5.4477,5.1686,11.7209,13.3081,14.2326,7.4535,9.3081,10.5174,6.3779,7.9535,8.9128,12.5523,5.0116,19.0349,8.4767,7.0407,8.3837,6.2442,12.7267,6.7267
0-211.txt_239,-0.8215,-1.2248,-1.3115,-1.5681,-2.3906,-0.8028,-1.037,-1.6909,-1.3897,-1.4974,-1.2637,-1.1869,-1.3785,-1.9808,-1.1012,-0.3447,-0.5513,-2.874,-1.7831,-1.0042,6.3604,11.3754,11.5853,13.1781,15.2933,10.105,10.8772,11.9583,14.1181,12.0389,12.6635,9.4963,9.1771,13.8758,16.2849,8.6612,8.4194,12.7235,11.3524,11.7915
0-211.txt_241,-0.3273,-2.2356,-1.6763,-2.6601,-1.7788,-1.6043,-2.2968,-0.9784,-2.1871,-0.1205,-0.232,-2.1619,-0.1619,-0.1133,-1.8309,-0.3831,-0.4874,-1.4047,-1.0755,-0.3507,4.9532,8.6162,9.1297,7.6468,10.5694,7.7135,7.2288,13.9279,8.2036,11.2541,9.591,5.4919,7.2775,13.1243,13.418,6.1946,5.7099,22.3279,10.4036,7.7964
0-211.txt_243,-0.7121,-1.0486,-1.7529,-1.823,-3.1693,-1.1556,-1.2218,-2.2101,-1.6109,-1.3677,-1.3735,-1.393,-1.2821,-2.3444,-2.5992,-1.2802,-1.2899,-3.7276,-2.6226,-1.2257,10.731,17.1384,14.7232,18.1501,8.9084,11.8694,17.9279,20.9903,14.6569,21.7115,19.1384,12.1676,15.6979,15.2573,12.3392,11.2339,7.9357,10.4776,10.0955,15.1384
0-211.txt_245,-0.2803,-0.6889,-0.8961,-0.8703,-2.2244,-0.5319,0.1097,-1.4516,-1.547,-1.643,-1.757,-0.1742,-1.3627,-2.1634,-0.9563,0.0358,-0.4588,-2.5118,-1.9161,-1.1398,7.7884,10.1585,7.3974,8.3759,7.6198,6.368,10.8034,8.4333,5.3572,8.1994,6.9161,9.4849,5.9491,8.4541,15.5115,7.939,6.3013,12.8888,4.5732,8.9254
0-211.txt_247,-1.3167,-1.1667,-1.2583,-1.3917,-2.56,-0.9333,-1.13,-1.76,-0.84,-1.7333,-1.4717,-1.1583,-1.4717,-2.0167,-1.67,-0.61,-0.9167,-2.9233,-1.72,-1.3567,5.5476,12.9783,14.616,15.4207,28.4591,12.98,11.9917,16.1469,20.2471,13.9182,12.616,10.7646,11.6411,17.3105,13.6795,8.3639,8.6761,17.7963,17.0501,11.7112
0-211.txt_249,-0.6346,-1.1683,-0.851,-1.0769,-1.8798,-0.6923,-0.7163,-1.4519,-1.375,-1.3702,-1.399,-0.2163,-1.1875,-1.5962,-1.4519,-0.3029,-0.2356,-2.4856,-1.226,-1.0962,5.1932,5.3527,8.8792,11.5121,11.8792,6.43,8.5652,10.4155,6.1401,7.9034,9.0483,11.0338,4.7874,14.2657,9.7053,6.0386,8.343,4.8551,11.6377,7.4783
0-211.txt_251,-0.3908,-1.2069,-1.0805,-1.3218,-2.8276,-1.1954,-1.5345,-0.7759,-1.4138,-1.6437,-1.5115,-1.0287,-1.5287,-1.592,-2.3103,-0.5805,-0.7874,-2.2759,-1.0632,-1.1264,8.4162,16.4624,12.6416,16.2832,1.1445,7.8208,6.5838,19.7746,10.2081,15.9769,15.0231,11.052,6.7514,19.7803,9.2832,7.8844,7.0867,19.7457,23.6821,15.763
0-211.txt_253,-0.5446,-0.9062,-1.0625,-1.4018,-1.8482,-0.6317,-0.7254,-1.6004,-1.1652,-1.1763,-0.9844,-0.7522,-0.683,-1.4085,-1.5647,-0.4821,-0.567,-2.0871,-1.029,-0.9107,4.5727,9.3356,6.2729,11.0246,6.1879,6.3512,10.0917,12.3691,8.3982,11.3512,12.1454,6.5011,4.9105,10.8188,8.6331,5.3781,5.4631,11.8054,10.7383,9.1119
0-211.txt_255,-0.9258,-0.9956,-0.7205,-1.1485,-2.1616,-0.5983,-0.4978,-1.7904,-0.9782,-1.3275,-1.4498,-0.3886,-0.7686,-1.3057,-1.8515,-0.5633,-0.524,-2.3843,-0.9127,-1.0568,3.4079,8.1404,11.3114,12.7018,8.8728,5.6316,10.9254,8.193,8.8728,8.886,9.1798,12.4079,6.4956,16.3289,6.0789,7.2281,6.3114,9.9693,14.1053,7.1798
0-211.txt_257,-0.4678,-0.6169,-1.078,-1.4542,-2.0305,-0.661,-0.8746,-1.3627,-1.4746,-1.1898,-1.2542,-0.461,-0.8915,-1.9525,-1.6678,-0.5932,-0.678,-2.3831,-1.522,-0.9254,5.5578,12.7415,8.2653,9.534,6.0136,6.9082,8.5714,14.1803,7.2313,12.8844,10.6599,9.0782,5.9048,7.7381,9.102,5.4694,4.2721,12.619,8.1531,9.7211
0-211.txt_259,-0.6796,-1.5028,-0.7182,-1.0387,-1.9613,-0.9116,-0.768,-1.6575,-1.5249,-1.2762,-1.442,-0.8066,-1.0387,-1.6133,-1.9558,-0.3536,-0.1657,-2.3591,-1.2486,-0.9724,5.8444,5.4778,13.0667,14.9556,14.2389,7.3389,11.2556,10.95,7.0944,10,9.9444,10.9889,7.6833,14.6222,8.3333,6.8667,9.4889,11.7333,15.5667,8.5389
0-211.txt_261,0.0146,-0.9756,-1.3024,-1.2455,-2.3805,-0.8504,-0.8,-1.4618,-1.6894,-1.3691,-1.2894,-0.9398,-1.1106,-1.9024,-1.6309,-0.5967,-0.6033,-2.7024,-1.748,-0.9463,8.7801,12.101,9.3404,14.5782,5.7248,7.399,10.8681,13.956,7.8534,13.6254,12.9658,7.3941,8.3779,12.6678,11.855,6.215,6.6531,12.2883,9.6726,11.2948
0-211.txt_263,-0.661,-1.6102,-0.7627,-1.1525,-2.1864,-1.0056,-0.8983,-1.7062,-1.678,-1.322,-1.5141,-0.6158,-1.4576,-1.5932,-1.7175,-0.3277,-0.1582,-2.7966,-1.3051,-1.1412,5.6534,7.0057,13.2784,13.2557,14.0057,7.875,9.8977,12.0966,8.0909,10.8523,11.1364,14.4602,5.2386,15.7273,8.5341,6.767,10.4659,6.4034,15.0739,8.9773
0-211.txt_265,-1.5672,-1.694,-1.1343,-1.3657,-2.8433,-1.0522,-0.7015,-2.1567,-1.9776,-1.4627,-1.903,-0.3209,-1.4254,-2.0896,-2.9328,-0.9403,-0.3582,-3.0672,-1.9403,-0.8955,4.7218,11.3383,15.5414,16.5113,13.0226,10.7218,19.9774,15.0902,7.7293,15.8271,15.3835,21.6617,16.7895,25.7293,7.218,7.1579,14.1203,18.8797,14.6391,15.0226
0-211.txt_267,-0.4554,-1.4812,-0.6792,-1.0099,-2.8356,-0.8059,-1.0376,-1.0337,-1.699,-1.6634,-1.6119,-1.0297,-1.2139,-1.5802,-2.2257,-0.4396,-0.6,-2.0535,-1.2337,-1.3723,9.2321,9.1865,11.8889,13.8214,2.2857,9.4444,9.8452,16.2083,6.9306,11.7817,11.5536,8.1706,8.9583,16.629,6.1349,7.1706,7.1845,21.996,14.3294,10.5833
0-211.txt_269,-1.3152,-1.6485,-1.2121,-1.5333,-2.6,-0.9636,-0.6788,-2.0667,-1.9515,-1.1939,-1.6242,-0.3879,-1.1818,-1.8303,-2.7333,-0.9152,-0.2727,-3.0303,-1.8545,-0.697,5.2805,9.5732,12.6646,12.5061,13.311,8.9512,15.0305,15.1402,6.1768,13.0366,12.8293,17.9756,14.9634,21.9451,6.6341,5.6341,13.2317,16.3963,11.9817,13.7744
0-211.txt_271,-0.7682,-1.0729,-1.443,-1.5159,-2.2897,-1.1084,-1.1308,-1.7458,-1.4467,-1.0766,-1.1308,-0.9907,-1.0766,-1.3645,-1.8037,-0.7626,-0.7028,-2.4262,-1.4224,-0.9364,7.0936,10.8015,9.9644,12.4644,11.1685,8.1779,9.6124,14.1199,11.9101,13.4963,11.706,9.8015,10.3146,17.4026,16.2154,6.7079,7.2978,16.9007,13.6292,10.6217
0-211.txt_273,-1.1632,-1.0475,-1.1142,-1.0935,-2.3932,-0.8442,-0.8576,-1.9748,-1.5045,-1.4659,-1.2285,-0.9599,-1.1409,-1.5519,-2.0475,-0.7641,-0.865,-2.6973,-1.6751,-1.3902,6.4398,13.474,13.052,17.7325,14.3804,11.1738,13.3759,13.4636,13.0698,14.0253,14.3328,10.9866,12.2883,21.8484,12.1634,8.9554,8.4413,20.9703,14.5186,10.6048
0-211.txt_275,-0.8154,-1.5654,-1.0769,-1.4231,-2.5692,-1.1615,-1.0962,-1.5846,-1.6615,-1.6654,-1.8808,-0.7423,-1.4577,-1.9385,-1.7154,-0.5808,-0.5692,-3.5269,-1.8962,-1.2308,6.4903,11.0193,11.6371,15.6178,13.2085,10.5405,12.4633,17.8378,13.3977,15.2355,12.3166,12.9923,11.0849,20.3127,14.9691,7.1699,10.4595,6.9382,11.7027,12.7876
0-211.txt_277,-0.7171,-1.1463,-0.6293,-0.7854,-1.9171,-0.5756,-0.4878,-1.3268,-1.1512,-1.322,-1.4829,-0.3268,-1.1561,-1.3024,-1.5073,-0.239,-0.2049,-2.2732,-0.9659,-1.0927,4.0637,4.5196,9.6716,12.1716,10.6275,6.7745,8.7598,9.8137,7.1176,8.2549,6.8088,9.3529,4.6569,15.3578,8.9608,5.7549,7.6029,5.4902,13.2255,5.9853
0-211.txt_279,-0.3895,-1.6409,-0.4834,-0.9586,-3.2044,-0.9945,-1.3094,-0.7652,-1.732,-1.6768,-1.6271,-0.9641,-1.6602,-1.6519,-2.6409,-0.5331,-0.5856,-2.9144,-1.1575,-1.1547,8.5789,8.903,14.108,16.7618,1.0637,9.5457,9.1634,20.6482,7.3102,12.5319,13.5152,10.385,7.8781,19.7175,4.9695,7.8504,8.1219,9.1801,23.3712,11.3961
0-211.txt_281,-0.5845,-1.0402,-0.2105,-0.7721,-3.4316,-0.6434,-1.2252,-0.8981,-1.6729,-1.4196,-1.4102,-1.004,-1.6555,-1.3365,-1.8123,-0.1635,-0.0335,-2.0965,-0.5241,-1.1917,5.7248,12,15.0081,13.1987,2.5584,9.0362,9.0228,12.2859,10.255,13.3423,11.757,8.9745,8.4926,14.5664,9.5302,7.4121,8.2201,22.2872,18.1356,10.6349
0-211.txt_283,0.1402,-1.628,-1.4329,-2.0122,-2.2195,-1.2927,-1.7195,-0.4329,-2.1707,-1.4146,-1.3171,-1.3171,-0.8049,-1.7317,-1.7866,-0.3841,-0.7073,-2.7317,-1.7988,-1.0732,9.2945,10.0859,8.9387,9.1043,11.8344,5.9693,7.5215,21.4601,4.0307,13.5276,11.1104,6.8344,12.1227,17.5276,12.411,7.8037,5.7239,12.865,10.3558,8.6442
0-211.txt_285,-0.6004,-1.4329,-1.0322,-0.9452,-2.2406,-0.5757,-0.6724,-2.1525,-1.5843,-0.8002,-0.5113,-0.9689,-0.8475,-1.6434,-1.6241,-0.6681,-0.7905,-3.0344,-1.696,-0.7325,6.8237,10.4258,11.8387,12.7151,15.1011,12.3602,12.0839,10.2548,12.2452,13.7398,12.9591,10.1484,11.5237,14.1495,14.4806,7.0484,5.7269,12.8613,11.486,10.2591
0-211.txt_287,-0.9478,-1.2133,-0.95,-1.1289,-2.3822,-0.8456,-0.8778,-1.6678,-1.04,-1.1567,-1.0756,-0.9622,-1.0678,-1.2511,-1.6433,-0.6156,-0.6067,-1.9778,-0.8333,-0.9733,4.5795,9.5228,11.7831,12.703,6.8877,8.0022,9.8465,11.4883,13.2425,12.3226,10.9043,8.0857,7.7175,15.8587,12.9055,7.3115,7.2803,20.2469,15.4372,10.9822
0-211.txt_289,-1.5111,-1.7333,-1.2741,-1.4667,-2.9407,-1.1333,-0.7111,-2.2074,-1.8667,-1.4815,-2.0222,-0.4222,-1.3926,-2.0296,-2.9111,-0.9333,-0.3704,-3.2296,-1.9556,-0.8741,5.8209,11.209,15.3134,16.2985,12.209,10.5672,19.5373,16.5522,8.9552,16.7537,16.2388,22.8358,18.194,25.3806,7.1119,7.1269,14.8134,19.0672,13.6567,15.8433
0-211.txt_291,-0.0579,-0.7918,-0.8648,-1.382,-1.7017,-0.6695,-0.9292,-0.2833,-1.3069,-1.985,-1.7532,-0.824,-1.1717,-2.118,-0.897,-0.0365,-0.5193,-2.0944,-1.7575,-1.4893,5.9634,9.5677,4.7527,4.5935,4.8753,5.5484,5.1914,22.6,7.0409,7.2667,7.9613,4.4237,3.8581,4.6,15.2774,6.0968,6.071,15.3011,4.3054,6.3312
0-211.txt_293,-0.6533,-1.3668,-0.7739,-1.0503,-2.0352,-0.7638,-0.8794,-1.5327,-1.5477,-1.4824,-1.4874,-0.6382,-1.2211,-1.5126,-1.7437,-0.397,-0.3015,-2.5126,-1.1759,-1.0352,6.8081,7.1869,10.298,13.4444,13.7374,8.2525,7.5556,10.8838,6.8788,9.0606,10.2374,10.7727,6.7828,14.8232,8.8182,6.9545,9.5303,8.8889,14.5758,10.2626
0-211.txt_295,-0.7632,-1.5105,-0.8053,-1.1316,-1.9895,-0.8,-0.7895,-1.4895,-1.5053,-1.3053,-1.3684,-0.4895,-1.2947,-1.3105,-1.5316,-0.3263,-0.2053,-2.5684,-1.0947,-1.1105,6.1323,4.9735,11.6931,12.3175,11.8519,7.3545,9.4127,12.8571,6.746,10.4074,9.7989,10.9524,6.1481,16.2222,10.7196,7.1376,10.0212,9.1587,16.619,8.4286
0-211.txt_297,-0.2623,-1.1257,-0.612,-1.1421,-1.765,-0.6831,-0.8743,-1.1694,-1.5738,-1.306,-1.5191,-0.765,-1.0383,-1.9016,-1.7705,-0.1366,-0.0055,-2.3333,-1.5301,-0.9235,6.5275,7.6264,10.956,10.9835,8.7308,6.4286,6.9011,13.2912,5.0549,10.3407,8.5934,7.022,4.9121,10.0385,6.022,7.7033,9.4835,14.956,7.5659,9.511
0-211.txt_299,-0.5673,-0.9461,-0.9007,-1.3333,-1.9596,-0.2727,-0.6431,-1.5269,-1.1397,-1.638,-1.4461,-0.7542,-0.9108,-1.9343,-1.2559,-0.3333,-0.5017,-2.4108,-1.4545,-1.2576,4.8971,8.4317,8.3491,9.3339,9.2175,8.3406,8.4688,10.1062,9.0185,9.3339,10.9578,6.602,6.9376,10.2395,13.4115,6.7099,4.7892,7.5481,7.1147,8.5953
0-211.txt_301,-1.1111,-2.8599,-2.2126,-3.2754,-2.6473,-2.4251,-2.6715,-2.1304,-2.0048,-0.4106,-0.6184,-2.686,-0.6908,-0.2415,-3.2077,-1.2609,-1.0773,-2.0386,-1.0386,-0.8164,8.9854,7.5583,8.4563,8.6699,10.0922,7.7621,9.9806,19.8398,17.5971,18.733,16.0194,4.1359,13.7039,27.6214,9.0583,8.034,12.5097,28.2573,16.1068,15.2427
0-211.txt_303,-1.5755,-1.6475,-1.0504,-1.3597,-2.9065,-0.9928,-0.6115,-2.0863,-1.8633,-1.5108,-1.8921,-0.3525,-1.4676,-1.9568,-2.8633,-0.9209,-0.2878,-3.0288,-1.9281,-0.9353,4.7681,10.7681,13.442,15.471,12.7536,10.9565,18.587,15.9058,7.529,15.9203,14.8768,21.3406,15.4855,25.529,7.7101,7.1159,13.6377,18.9638,13.8478,14.6377
0-211.txt_305,-0.574,-1.4046,-1.0053,-1.2763,-2.1961,-0.8913,-0.9875,-1.3636,-1.0802,-0.9002,-0.9073,-1.2335,-0.7986,-1.6827,-1.656,-0.3209,-0.5508,-2.6399,-1.59,-0.6863,5.9786,7.9339,9.8786,11.7821,7.4982,7.6179,8.9518,12.4339,15.4071,13.2679,12.4554,5.8714,9.3089,8.9554,9.4482,8.0054,5.8643,9.4321,7.2411,11.4054
0-211.txt_307,-0.7474,-1.2353,-0.8858,-1.3564,-2.2907,-0.692,-0.8893,-1.5017,-1.1142,-1.6298,-1.3875,-0.9931,-0.9619,-1.4187,-1.6367,-0.4844,-0.5536,-1.9239,-0.8927,-1.2976,5.2951,8.5174,12.6771,12.7118,2.9479,7.9757,8.6319,14.5347,7.3229,11.6424,11.5417,6.7951,6.7431,14.566,11.1146,7.1493,6.0868,19.9479,16.4583,10.1458
0-211.txt_309,-1.0143,-1.2571,-1.5357,-1.2929,-2.6429,-1.1786,-0.65,-1.8286,-1.2786,-1.5786,-1.4571,-0.9571,-1.5429,-1.5857,-2.1929,-1.1571,-0.95,-2.8286,-1.2929,-1.3357,7.0504,16.4532,15.4604,19.3669,15.1439,10.2734,14.9712,15.0647,19.2374,20.3885,16.6259,11.741,10.7698,20.6115,11.2806,9.6403,8.1151,18.7338,17.2158,13.2878
0-211.txt_311,-0.7068,-1.015,-1.2632,-1.3609,-2.2632,-0.6541,-0.5338,-1.9774,-1.4361,-1.7143,-1.3233,-0.5639,-1.1053,-1.6541,-2.0301,-0.7895,-0.7218,-2.3835,-1.3609,-1.3008,5.7652,11.1288,10.4015,12.7879,11.5,8.0455,17.2197,10.1591,8.7273,11.3939,14.3561,10.9318,7.7121,17.3485,9.7576,5.9924,6.9924,13.6212,10.9924,9.0455
0-211.txt_313,-0.6515,-1.2626,-0.601,-1.101,-1.8788,-0.6566,-0.7778,-1.5202,-1.3485,-1.3485,-1.3434,-0.6263,-0.9848,-1.5202,-1.6768,-0.2222,0.0101,-2.3384,-1.1465,-1.0556,4.1624,4.9746,9.7157,10.6497,11.0812,8.8883,8.9036,9.9442,5.8223,8.934,6.8832,9.6954,4.0812,14.0508,7.7665,6.467,8,6.1523,12.3249,6.6447
0-211.txt_315,-0.4097,-1.3355,-1.0935,-1.25,-2.3661,-1.1129,-0.9565,-1.3387,-1.5387,-1.1032,-1.0935,-0.8726,-1.2613,-1.6258,-1.8694,-0.8419,-0.9758,-2.8839,-1.5968,-0.9226,6.9499,11.6381,10.4313,14.7948,8.6123,6.7254,10.252,16.5477,9.8691,13.1599,12.5347,9.4006,10.3522,13.0985,10.8966,5.6171,6.7754,10.1276,10.2488,11.0307
0-211.txt_317,-1.5065,-1.3252,-1.0439,-1.4981,-2.9991,-1.3364,-1.0916,-2.3262,-1.8888,-0.8785,-1.3907,-0.843,-1.3196,-1.7393,-2.4794,-1.1252,-1.0748,-3.6692,-1.4598,-1.2589,7.5912,16.5949,13.8269,17.2666,10.0524,11.2198,15.1899,17.9476,13.4125,19.8681,16.0795,13.0094,14.4528,17.1927,15.2311,8.5716,8.1581,10.2984,15.8054,14.9626
0-211.txt_319,-0.1877,-1.2888,-1.4549,-1.5993,-1.8736,-1.3682,-1.4007,-1.6534,-1.4801,-0.8736,-0.7834,-1.444,-1.1588,-1.5018,-2.0433,-0.9819,-0.9458,-2.5162,-1.6606,-0.7617,8.2174,12.2138,12.442,15.337,12.587,6.8406,9.8116,16.6739,11.4674,17.0036,15.1848,8.5688,9.9167,14.9601,10.7464,6.3261,7.7029,15.9312,10.9638,12.4203
0-211.txt_321,-0.2398,-1.2941,-1.4932,-1.914,-2.5113,-0.5747,-1.1946,-2.0452,-1.6516,-1.276,-0.8959,-1.4072,-0.9864,-1.9186,-2.4163,-0.9367,-0.8281,-2.5068,-1.7195,-1.0588,9.7864,14.2773,12.4182,14.3909,10.8318,13.5591,12.6227,16.0818,14.3636,17.0227,19.4818,8.5636,13.4909,17.7273,10.7182,8.6682,8.05,23.8955,13.7818,11.9818
0-211.txt_323,-0.7783,-1.1059,-1.6084,-1.4901,-2.6404,-1.069,-1.1921,-2.1601,-1.4754,-1.5123,-1.202,-1.2241,-1.2709,-1.6847,-2.2217,-1.1108,-1.0887,-2.7365,-1.5197,-1.3473,8.5827,14.9037,11.9728,19.0346,10.7136,10.4099,13.5704,14.7926,13.5827,16.3975,18.3877,11.1531,11.3012,21.637,11.2173,8.7654,8.0568,16.042,14.4568,12.5383
0-211.txt_325,-0.2586,-2.1828,-1.6914,-2.7569,-1.2569,-1.6741,-2.3379,-0.8276,-2.2379,0.0293,-0.2241,-2.0172,0.0534,0.1534,-1.7741,-0.3586,-0.3914,-1.05,-0.8741,-0.2466,4.6442,7.7064,8.2988,6.2349,11.0553,7.1883,6.342,12.9361,7.1244,10.171,8.8446,5.3523,9.1641,11.9413,11.1537,6.0725,5.0622,24.3506,10.6079,7.0138
0-211.txt_327,-0.5752,-1.3982,-2.1504,-1.885,-2.177,-0.8142,-0.6018,-2.354,-1.9735,-1.4779,-1.3628,-1.4248,-1.3805,-2.5398,-2.8142,-1.2655,-1.354,-3.6195,-2.5133,-0.9204,9.9464,20.7768,11.7946,18.1339,30.0179,16.3482,31.6071,19.5982,18.1071,20.1786,18.2411,15.7143,13.9464,17.6339,10.5179,10.4732,8.3393,14.125,8.5625,16.4018
0-211.txt_329,-0.7491,-1.2509,-0.8745,-0.9631,-2.1144,-0.7601,-0.5535,-1.8007,-1.2472,-1.1513,-1.0517,-0.8303,-0.8598,-1.583,-1.3801,-0.4465,-0.572,-2.4686,-1.369,-0.9557,4.4296,6.8296,12.4037,16.8222,5.4444,8.7,12.937,9.1074,8.8296,13.763,14.6333,8.9074,6.2037,15.2704,13.4148,8.4889,4.6963,7.6333,7.1667,10.4481
0-211.txt_331,-0.87,-1.009,-1.7354,-1.6861,-3.1614,-0.8789,-0.9776,-2.3408,-1.4798,-2.1435,-1.87,-1.3229,-1.7399,-2.3901,-2.2511,-1.0493,-1.3767,-3.1749,-2.0807,-1.704,10.8694,23.7613,12.8649,18.1937,7.4144,13.6081,15.6486,12.2072,14.9955,14.1441,15.7117,11.0811,10.7928,18.9685,17.2838,12.0541,7.8604,22.473,14.2928,13.2838
0-211.txt_333,-0.611,-1.0374,-1.0773,-1.4738,-1.6509,-0.6608,-0.8529,-2.4339,-1.217,-1.1721,-0.9751,-0.5387,-0.9052,-2.0125,-1.6334,-0.4688,-0.6334,-3.3741,-1.8579,-0.8504,6.8625,10.9725,10.965,14.195,14.535,9.1925,11.785,7.495,12.2925,13.35,15.4725,10.46,14.33,13.45,12.11,7.985,6.9125,14.69,13.465,11.5125
0-211.txt_335,-1.0949,-1.6522,-1.5375,-1.249,-2.9051,-1.6206,-0.7391,-2.3913,-2.415,-0.9249,-1.2134,-0.8854,-1.2648,-1.9407,-2.6877,-0.5731,-0.8103,-3.9921,-2.1225,-0.8538,9.6825,18.0635,15.254,26.1984,12.8016,9.5595,22.9802,12.7659,10.6587,21.3016,20.1349,22.0754,17.3532,23.127,12.7698,13.3294,8.8929,5.8294,12.4127,14.119
0-211.txt_337,-1.0758,-1.6023,-1.4886,-1.1553,-2.8371,-1.5795,-0.625,-2.3182,-2.4242,-0.9432,-1.375,-0.8864,-1.2424,-1.9508,-2.5758,-0.5909,-0.7311,-3.928,-2.0795,-0.8295,8.7224,17.6274,15.057,25.5856,12.5779,10.384,21.2548,12.4144,10.5399,21.597,20.5932,22.0913,18.251,23.0152,13.6236,12.4829,8.4981,5.1445,12.2395,13.6692
0-211.txt_339,-0.8836,-0.9045,-1.2776,-1.3612,-1.7522,-0.5373,-0.6896,-2.2836,-0.997,-1.0149,-0.7791,-0.6776,-0.7642,-1.406,-1.8746,-0.6179,-0.7493,-2.5075,-1.0478,-0.9493,6.2246,11.1257,9.982,12.6766,16.8114,10.0928,12.0689,6.9341,15.009,11.2635,13.7246,10.8114,12.2156,14.3204,10.018,7.8623,6.976,13.5988,13.2814,8.0569
0-211.txt_341,-1.0803,-1.6586,-1.6024,-1.2008,-3.1406,-1.6586,-0.6747,-2.3775,-2.5422,-1.0402,-1.4418,-0.9036,-1.3414,-2.0281,-2.6908,-0.6345,-0.8474,-4.0763,-2.241,-0.9398,9.2056,18.4556,15.4637,26.8427,11.3911,9.9516,21.7581,13.8508,10.7621,22.879,20.7379,22.8145,18.7056,23.4879,13.254,12.5645,9.121,5.8911,12.6129,15.6734
0-211.txt_343,-0.8521,0.1629,-0.8464,-0.7603,-2.3483,-0.4139,-0.2378,-1.5918,-0.2734,-1.8464,-1.588,-0.133,-1.4457,-2.3446,-1.176,0.2172,-0.7566,-3.1835,-1.5094,-1.5524,4.5704,9.2533,7.4447,10.0263,12.409,6.5797,7.1388,8.0206,13.3809,9.2983,9.6623,7.6829,11.7523,10.4071,11.4784,5.5141,4.773,12.1895,11.4709,7.2176
0-211.txt_345,-0.0952,-1.2153,-1.1884,-1.4058,-2.4555,-0.6108,-0.9648,-1.648,-1.3395,-1.7433,-1.5445,-1.1739,-1.5818,-2.294,0.1014,0.5362,0.1573,-3.2422,-1.7039,-1.1077,4.7573,9.529,8.778,9.6971,7.7282,8.2801,7.7718,8.6598,12.0436,9.5664,9.1639,6.1598,7.9668,9.4855,15.7635,6.944,6.8942,7.2241,11.4253,8.9668
0-211.txt_347,-0.3054,-0.979,-0.9072,-1.2994,-1.5509,-0.6647,-0.7754,-1.3802,-1.3114,-1.1018,-1.0689,-0.7994,-0.6587,-1.7275,-1.4012,-0.3323,-0.4431,-2.5419,-1.4042,-0.7425,4.8108,8.2643,8.8529,10.033,10.4144,5.9189,8.5225,12.8919,6.9249,11.0631,9.3694,5.8949,5.3934,7.5706,9.5616,4.955,4.967,4.048,6.8078,9.4535
0-211.txt_349,-1.0884,-1.7309,-1.6064,-1.257,-2.9478,-1.6867,-0.8554,-2.4859,-2.5341,-1.0241,-1.3052,-1,-1.3052,-1.992,-2.8072,-0.6345,-0.8554,-4.0402,-2.1165,-0.8835,9.6411,19.5887,15.2218,27.3589,13.8185,10.5282,23.496,15.1774,12.121,22.6855,21.5242,22.8387,19.371,25.9839,13.0968,13.2177,9.6613,6.1492,13.1532,15.9194
0-211.txt_351,-0.7758,-1.1388,-1.5302,-1.6406,-1.758,-0.8683,-0.9288,-2.5053,-1.1459,-1.0996,-0.8719,-0.8932,-0.8932,-1.5018,-1.9288,-0.6228,-0.694,-2.8932,-1.3203,-0.9004,7.4214,11.2893,10.9607,11.4179,19.5964,11.4071,11.8,9.35,14.4464,12.6393,15.2107,10.9214,12.425,16.4286,12.7643,9.7,7.6071,15.7643,14.3464,10.7714
0-211.txt_353,-0.6721,-1.0094,-0.9977,-1.3653,-1.733,-0.5808,-0.7494,-2.2787,-1.0281,-1.1733,-0.9274,-0.4543,-0.897,-1.9625,-1.5082,-0.4239,-0.7611,-3.2131,-1.8056,-0.7681,6.3169,11.4038,11.4484,13.1972,13.7793,8.3944,11.1573,7.2817,11.9202,12.2793,13.1784,10.169,12.4178,13.3756,11.2606,7.2606,6.0775,14.3404,13.1127,10.061
0-211.txt_355,-0.7232,-1.0848,-1.3728,-1.4263,-1.5134,-0.6429,-0.7411,-2.4598,-1.2478,-1.1228,-0.8504,-0.8772,-0.6406,-1.5938,-1.8795,-0.6228,-0.7612,-2.8594,-1.1786,-0.8326,7.1208,12.698,9.0872,13.8434,12.9329,9.4139,11.5593,7.1119,9.7562,12.2752,14.5235,8.519,11.557,13.2215,13.0559,7.3512,6.0022,12.8434,13.6555,10.4631
0-211.txt_357,-0.6489,-1.0954,-1.1412,-1.2595,-1.5598,-0.5674,-0.7137,-1.8893,-1.1132,-1.3588,-1.1921,-0.7137,-0.9618,-1.8219,-1.5025,-0.285,-0.6476,-2.743,-1.4173,-1.1043,5.4624,9.7936,9.3745,12.6611,14.8268,8.6739,10.6611,10.1643,11.158,11.6994,13.4879,8.7248,9.1924,11.7427,12.2981,8.3032,5.1516,10.7414,10.4229,9.4955
0-211.txt_359,-0.7477,-0.9977,-1.0257,-1.4159,-1.7079,-0.6168,-0.743,-2.2664,-1.1075,-1.1051,-0.9579,-0.4953,-0.9509,-1.986,-1.5234,-0.4393,-0.7009,-3.3107,-1.7734,-0.8154,6.3349,11.6557,11.7518,13.2998,14.3466,8.815,11.3677,8.6417,11.9461,11.7892,13.6956,11.0117,12.5176,13.8899,13.3981,6.5785,5.9602,12.815,12.8525,10.5504
0-211.txt_361,-0.1735,-0.9696,-0.86,-1.3212,-1.7732,-0.8037,-0.9726,-1.2024,-1.3836,-1.4597,-1.3288,-0.9087,-1.0061,-1.7945,-1.2405,0.0974,-0.3196,-2.5814,-1.5434,-1.067,6.1448,9.029,8.7668,9.4695,6.7134,5.9695,6.8201,12.3537,7.7393,10.2134,10.0503,5.0473,6.0244,10.6265,12.9665,8.3552,5.3643,6.4573,8.6433,8.8796
0-211.txt_363,-1.0757,-1.6494,-1.5139,-1.1633,-2.9761,-1.6972,-0.8327,-2.3506,-2.494,-0.8805,-1.3347,-0.8964,-1.1713,-2.0478,-2.7649,-0.6056,-0.8127,-4.0199,-2.1753,-0.8247,9.34,18.504,15.156,25.38,13.336,10.032,23.132,13.748,11.768,20.824,21.004,21.764,18.852,25.128,13.492,12.952,9.008,6.24,12.676,14.044
0-211.txt_365,-0.8805,-1.2833,-1.2355,-0.9181,-2.5666,-1.3584,-0.5734,-1.9795,-2.0785,-0.8089,-1.1399,-0.7201,-1.0648,-1.7235,-2.1843,-0.471,-0.6621,-3.2833,-1.7713,-0.7406,7.4692,14.2945,12.113,22.3938,10.1849,8.0479,18.5548,10.9486,9.0548,17.6918,17.2979,17.7158,15.1507,19.1781,10.5685,10.2603,7.3082,5.2911,10.5068,12.1781
0-211.txt_367,-1.0531,-1.702,-1.5755,-1.302,-2.8816,-1.6898,-0.7918,-2.449,-2.4939,-0.9714,-1.3551,-0.8735,-1.2408,-2.0122,-2.6776,-0.5633,-0.7959,-4.0612,-2.2082,-0.8245,9.2459,19.3893,14.7869,27.1557,12.377,10.1189,22.5082,13.4057,12.2705,22.3238,21.3238,22.0082,19.1803,23.082,13.7664,12.2746,8.8811,6.2705,12.832,15.5
0-211.txt_369,-0.8988,-1.0778,-1.4436,-1.6304,-1.6693,-0.8833,-0.9105,-2.6265,-1.144,-0.9455,-0.6693,-0.8677,-0.6148,-1.572,-2.4047,-0.7471,-0.7938,-2.9844,-1.0311,-0.9689,7.418,12.2969,12.0664,15.1289,16.3398,10.3633,12.4922,8.8906,14.8477,14.3477,16.7109,11.6172,14,16.75,9.6445,7.875,7.1133,16.1641,17.1953,10.957
0-211.txt_371,-0.9119,-1.1831,-1.3627,-1.4169,-1.2949,-0.7864,-0.8644,-2.5797,-0.9322,-1.0034,-0.678,-0.9186,-0.6644,-1.7186,-2.1797,-0.6508,-0.8271,-2.7898,-1.2949,-0.9627,6.5238,12.5612,11.6905,16.6599,17.2381,9.7347,13.2415,7.9218,13.4218,14.2415,16.2687,10.6361,13.6905,15.881,11.0578,7.3776,7.119,17.9014,16.7891,11.1599
0-211.txt_373,-1.1069,-1.6183,-1.4809,-1.1641,-2.8855,-1.7023,-0.729,-2.3817,-2.4313,-0.9275,-1.3893,-0.9389,-1.3588,-1.9237,-2.6947,-0.5992,-0.7328,-3.958,-2.0649,-0.9008,8.7893,18.1264,15.1609,26.7816,13.0192,10.3946,22.7165,13.4636,11.5977,22.636,21.3602,22.8352,17.8889,23.3448,13.6284,12.9579,8.3142,5.977,12.6092,14.4598
0-211.txt_375,-1.0972,-1.6316,-1.4453,-1.2551,-3.0283,-1.7328,-0.7935,-2.413,-2.5344,-0.9393,-1.3198,-0.9393,-1.2672,-2.004,-2.7773,-0.5992,-0.834,-3.9919,-2.1862,-0.8421,9.6179,17.9878,15.2398,27.2642,11.2967,9.9878,22.5935,13.4431,10.3659,21.8699,21.1016,22.1057,19.0976,23.7561,12.7439,11.9837,8.9675,6.4146,12.1504,14.7358
0-211.txt_377,-0.9729,-1.1932,-1.3322,-1.461,-1.4305,-0.8,-0.8203,-2.661,-1.0542,-0.9932,-0.6712,-0.9254,-0.7051,-1.6475,-2.2102,-0.6169,-0.8814,-2.8034,-1.2746,-0.9593,6.5136,13.5408,11.7449,16.7279,18.7007,9.8197,14.017,7.568,13.0306,14.5068,16.3776,10.7789,14.3163,15.9082,11.5068,7.9286,6.9694,16.9218,15.4796,12.0646
0-211.txt_379,-1.0157,-0.9592,-1.1787,-1.5549,-1.9498,-0.6677,-0.7994,-2.5204,-1.1505,-0.837,-0.674,-0.7304,-0.652,-1.3229,-2.0878,-0.6771,-0.837,-2.6238,-0.9906,-0.8589,5.7987,10.4937,11.5975,13.8239,16.3616,10.6541,12.3931,7.3113,14.1069,13.2138,14.9088,11.4843,12.8774,15.8648,9.9088,8.2987,6.7925,13.6038,15.3553,8.3302
0-211.txt_381,-1.0265,-1.5644,-1.5265,-1.1402,-2.8258,-1.6061,-0.6856,-2.3295,-2.4015,-0.9811,-1.3371,-0.8939,-1.2841,-1.928,-2.5947,-0.572,-0.75,-3.9129,-2.0455,-0.8864,8.635,17.5057,14.4867,25.3422,12.4525,10.0798,21.4259,13.1597,11.0494,20.5932,20.7224,21.5589,18.038,22.5019,13.4867,11.8327,7.962,5.2662,12.1179,14.7034
0-211.txt_383,-1.0802,-1.5954,-1.3893,-1.1221,-2.8588,-1.6221,-0.7405,-2.2939,-2.3626,-0.8359,-1.2748,-0.8779,-1.229,-1.9008,-2.584,-0.5534,-0.7366,-3.8168,-2.084,-0.7557,8.9885,17.1303,15.0345,25.5479,11.7625,9.1762,19.5594,11.8697,10.4368,21.0805,20.1724,21.1111,18.2031,22.0805,13.6054,12.3295,8.8966,5.8161,12.1877,14.0575
0-211.txt_385,-1.053,-1.5265,-1.4621,-1.1705,-2.6818,-1.5492,-0.6818,-2.2955,-2.3295,-0.8788,-1.2197,-0.8523,-1.1856,-1.7841,-2.5417,-0.6061,-0.6818,-3.75,-2.0152,-0.8295,8.6654,17.4563,14.1597,25.0342,13.0608,9.5932,20.9278,12.9202,10.7338,20.673,19.2852,20.9848,17.7681,21.5779,12.0494,12.1331,7.3764,5.6616,12.2053,13.8023
0-211.txt_387,-0.6084,-0.9161,-0.9883,-1.4196,-1.6247,-0.6154,-0.8322,-2.2984,-1.1655,-1.049,-0.9347,-0.4988,-0.8858,-2.0093,-1.6946,-0.4033,-0.6573,-3.2471,-1.8182,-0.7273,6.8645,11.1916,10.5958,13.3505,13.5981,9.3224,10.9813,7.5467,12.0421,12.1612,14.3621,10.6285,12.7313,13.6145,12.2944,7.6145,6.6379,12.965,13.1682,10.0561
0-211.txt_389,-0.6103,-1.1221,-1.2113,-1.2254,-1.3474,-0.6056,-0.7418,-2.1925,-0.9507,-1.0751,-0.723,-0.6315,-0.5563,-1.615,-1.5469,-0.3638,-0.6338,-2.8521,-1.2347,-0.7911,5.7318,9.6753,9.8447,11.9741,14.0706,7.4918,10.5553,6.36,11.9953,10.8565,12.7435,9.4424,12.6188,12.4635,11.7082,7.4729,6.6212,12.5765,13.5624,9.4259
0-211.txt_391,-0.4112,-1.0754,-1,-1.6253,-1.7981,-0.708,-1.0365,-1.8273,-1.3406,-1.1192,-0.9586,-0.9708,-0.837,-1.5718,-1.1679,-0.0803,-0.3698,-2.5207,-1.2895,-0.9002,5.8073,7.6439,10.9293,9.2585,9.1488,7.9,7.7537,8.039,9.2707,10.3585,13.2927,6.161,8.3049,11.322,15.2073,8.9,5.8951,8.0146,11.0537,9.7561
0-211.txt_393,-0.9907,-1.0433,-1.2879,-1.4706,-1.8978,-0.6409,-0.743,-2.6068,-0.808,-1.1486,-0.8545,-0.4768,-0.6873,-1.5201,-2.192,-0.6749,-0.7214,-2.7771,-0.9969,-1.0031,6.3913,11.2484,10.2702,13.1801,16.6242,10.8851,11.3913,8.1925,15.5435,11.3075,13.854,12.2329,15.3043,15.0248,11.4534,7.823,7.3478,16.0248,14.6025,8.6615
0-211.txt_395,-0.7424,-1.1163,-1.2632,-1.2964,-1.5817,-0.7119,-0.7839,-2.5512,-1.1302,-0.9474,-0.7424,-0.651,-0.6731,-1.8421,-1.7036,-0.4986,-0.687,-2.9917,-1.554,-0.7812,6.8778,10.8111,10.8472,13.3083,13.7444,9.4778,12.9611,7.1889,11.8472,12.0778,14.3167,11.5417,14.3278,14.3444,12.2167,7.3167,6.6889,15.0139,14.1333,10.5278
0-211.txt_397,-0.7812,-0.7634,-1.0967,-1.1705,-1.9084,-0.514,-0.4478,-2.3333,-0.9898,-1.2214,-0.9313,-0.3333,-0.8448,-1.7532,-1.9262,-0.4478,-0.5827,-2.7684,-1.1934,-1.0102,5.6122,10.6148,9.7423,12.4158,14.3036,8.5,10.4847,7.5408,11.5842,11.4439,14.1352,11.3342,12.2398,12.3571,9.4286,7.6454,6.4949,11.8597,12.7526,9.0689
0-211.txt_399,-0.3734,-0.8337,-0.8691,-1.265,-1.8262,-0.6727,-0.8122,-1.5536,-1.1974,-1.294,-1.1191,-0.8004,-0.823,-1.6513,-1.3187,-0.132,-0.456,-2.5837,-1.3541,-0.9646,5.5747,9.8357,8.8657,11.0655,7.1708,6.1536,8.768,8.9313,8.1547,11.1042,11.1955,6.4125,6.5811,10.1719,12.0977,6.9495,5.0354,6.0698,8.6058,8.6262
0-211.txt_401,-0.7972,-1.0217,-0.6223,-1.082,-1.7368,-0.517,-0.6471,-2.0464,-0.8437,-1.2554,-1.0774,-0.6254,-0.8669,-1.6362,-1.6641,-0.1842,-0.5248,-2.7214,-1.2755,-1.1146,4.4698,7.6729,12.245,11.8915,9.2698,8.5643,10.4512,7.4806,10.0884,12.7132,12.2744,8.4729,8.7473,12.2651,9.845,7.7457,5.6047,9.9519,12.7085,9.1132
0-211.txt_403,-0.6493,-1.0647,-1.1294,-1.3582,-1.5224,-0.6667,-0.7537,-2.3408,-1.0149,-1.1418,-0.9652,-0.5821,-0.9652,-1.8557,-1.5224,-0.3905,-0.7662,-3.2736,-1.791,-0.7811,6.4015,10.9202,11.6434,13.4165,15.5287,9.6933,11.6559,8.01,11.8329,13.1471,13.6758,10.5461,13.3441,14.4863,10.8603,7.2943,6.7731,14.5012,14.9875,11.2768
0-211.txt_405,-1.0551,-1.2874,-1.6811,-1.815,-1.2402,-1.0118,-1.189,-2.8465,-1.0472,-0.9213,-0.5906,-1.0866,-0.563,-1.4528,-2.5787,-0.8465,-0.874,-2.9961,-1.1969,-0.9409,7.1383,13.9328,12.7945,17.9684,18.7826,11.8814,15.6601,9.1739,13.9723,15.5099,18.834,11.3794,16.3557,18.3399,12.3083,9.7826,8.834,15.3281,17.7905,12.2016
0-211.txt_407,-0.6862,-1.1356,-1.1782,-1.0904,-1.5346,-0.6782,-0.641,-2.3298,-1.016,-0.9761,-0.8484,-0.7686,-0.7101,-1.5745,-1.5479,-0.242,-0.7473,-2.75,-1.375,-0.8245,5.2613,9.288,8.7787,12.4827,14.504,8.4427,10.9893,7.52,11.8107,10.5707,13.424,8.416,11.928,13.896,13.0853,7.056,5.8427,16.4667,12.76,8.968
0-211.txt_409,-0.7432,-1.0912,-1.3446,-1.527,-1.9392,-0.8176,-0.8682,-2.3649,-1.1723,-1.0203,-0.8311,-0.9088,-0.8851,-1.4155,-1.7196,-0.6216,-0.7736,-2.6284,-1.1959,-0.8209,6.8678,10.6576,9.5932,13.2814,15.7492,11.0441,11.0169,7.7864,16.1695,11.7356,13.922,10.6373,10.4746,17.0644,15.1119,6.7559,6.3051,14.2068,14.9322,10.1288
0-211.txt_411,-0.5955,-0.9309,-0.9512,-1.252,-1.874,-0.3882,-0.5528,-2.2988,-1.0244,-1.2378,-1.0244,-0.2642,-1.0163,-2.0772,-1.4614,-0.3008,-0.622,-3.2866,-1.8354,-0.8049,5.7515,11.1772,9.8106,12.5173,13.7984,8.7515,10.3625,6.8106,12.3157,11.7169,12.4318,9.8187,11.4623,12.3177,10.3625,6.668,6.7862,11.9308,12.2566,9.332
0-211.txt_413,-1.1053,-1.6721,-1.583,-1.2551,-2.9717,-1.7085,-0.8219,-2.4372,-2.4939,-0.9757,-1.3239,-0.9595,-1.2348,-1.9514,-2.7409,-0.5749,-0.7449,-4.0688,-2.1498,-0.8583,9.2683,19.4756,15.8415,25.7317,12.8943,10.7195,21.5569,13.687,11.5528,22.5569,21.748,23.6585,18.1585,23.439,13.5203,13.1992,8.6179,6.061,12.313,15.4146
0-211.txt_415,-1.085,-1.6721,-1.4939,-1.2713,-2.8583,-1.7287,-0.7571,-2.3725,-2.4211,-0.8543,-1.2834,-0.9231,-1.2389,-1.9838,-2.6478,-0.5547,-0.8219,-4.0405,-2.0729,-0.8785,9.3902,17.7642,14.7602,26.2236,13.1138,10.0569,21.9837,13.3008,11.2236,20.6585,20.1423,23.3537,17.9593,23.9146,13.4593,13.3333,8.8862,5.4146,12.5285,15.0447
0-211.txt_417,-0.9755,-1.3469,-1.4898,-1.6082,-1.5592,-0.9347,-1.0408,-2.7673,-1.0122,-1.0612,-0.8408,-1.151,-0.751,-1.6163,-2.2857,-0.6408,-0.8122,-3.1102,-1.2653,-0.9918,7.6352,12.7459,11.0082,15.8115,18.123,10.123,13.6066,8.4057,12.291,14.291,18.0369,11.2049,16.7664,17.3279,12.7582,8.2787,7.6189,15.9016,17.3811,12.1598
0-211.txt_419,-0.7657,-1.1449,-1.3551,-1.4903,-1.4348,-0.814,-0.8744,-2.4082,-1.1449,-0.9082,-0.6377,-0.9372,-0.4976,-1.5024,-2.029,-0.5507,-0.6957,-2.7029,-1.1473,-0.7101,5.4334,11.1913,11.9249,13.2906,14.46,8.7554,11.9613,7.6295,11.0194,13.4552,15.9758,9.4455,11.1961,13.9952,9.1501,7.3971,7.0605,14.6392,13.4116,10.8596
0-211.txt_421,-1.0528,-1.6667,-1.4919,-1.2439,-2.9959,-1.6341,-0.8211,-2.3659,-2.4146,-0.939,-1.3455,-0.935,-1.1341,-2.0813,-2.6585,-0.6382,-0.8455,-3.9715,-2.1179,-0.8943,9.4204,17.3714,15.2367,26.8531,12.5633,10.951,22.8857,14.298,11.4857,20.9714,21.2531,20.8857,19.5429,24.8735,13.4122,11.8857,9.0449,6.2816,12.4898,14.7714
