#name,V1,V2,V3,V4,V5,V6,V7,V8,V9,V10,V11,V12,V13,V14,V15,V16,V17,V18,V19,V20,V21,V22,V23,V24,V25,V26,V27,V28,V29,V30,V31,V32,V33,V34,V35,V36,V37,V38,V39,V40,V41,V42,V43,V44,V45,V46,V47,V48,V49,V50,V51,V52,V53,V54,V55,V56,V57,V58,V59,V60,V61,V62,V63,V64,V65,V66,V67,V68,V69,V70,V71,V72,V73,V74,V75,V76,V77,V78,V79,V80,V81,V82,V83,V84,V85,V86,V87,V88,V89,V90,V91,V92,V93,V94,V95,V96,V97,V98,V99,V100,V101,V102,V103,V104,V105,V106,V107,V108,V109,V110,V111,V112,V113,V114,V115,V116,V117,V118,V119,V120,V121,V122,V123,V124,V125,V126,V127,V128,V129,V130,V131,V132,V133,V134,V135,V136,V137,V138,V139,V140,V141,V142,V143,V144,V145,V146,V147,V148,V149,V150,V151,V152,V153,V154,V155,V156,V157,V158,V159,V160,V161,V162,V163,V164,V165,V166,V167,V168,V169,V170,V171,V172,V173,V174,V175,V176,V177,V178,V179,V180,V181,V182,V183,V184,V185,V186,V187,V188,V189,V190,V191,V192,V193,V194,V195,V196,V197,V198,V199,V200,V201,V202,V203,V204,V205,V206,V207,V208,V209,V210
negative53.txt_gi|119781|sp|P15090.3,0.5937,0.6609,1.2196,1.2564,0.3461,1.2278,1.7417,0.6005,0.8339,1.3209,0.7036,1.9218,0.8235,0.784,0.2297,1.2602,1.8965,0.3581,0.8301,1.7901,0.4666,0.6464,0.6536,0.3352,0.6467,0.7791,0.4419,0.4409,0.7182,0.5603,0.8573,0.5635,0.5303,0.2574,0.697,0.8096,0.2425,0.4689,0.8438,0.6851,0.6195,0.3172,0.7827,0.8844,0.4099,0.6003,0.7445,0.5197,1.0376,0.5386,0.5757,0.211,0.7429,0.9437,0.333,0.596,0.8982,1.1169,0.4055,1.0303,1.2593,0.7277,0.8154,0.948,0.6992,1.3444,0.7432,0.7657,0.3835,1.0935,1.258,0.4061,0.7339,1.1403,0.3405,1.0254,1.3297,0.7315,0.6888,0.881,0.6683,1.2579,0.7585,0.7493,0.3916,0.9737,1.0274,0.3703,0.6713,1.0619,0.458,0.5205,0.2557,0.3466,0.545,0.3606,0.5846,0.3591,0.404,0.1452,0.4959,0.6469,0.2068,0.3389,0.644,1.3754,0.5974,0.8791,1.0575,0.7334,1.4558,0.7953,0.8369,0.3405,1.0844,1.3197,0.4248,0.802,1.2927,0.7861,0.9585,1.201,0.8405,1.6629,0.9514,0.9618,0.4182,1.241,1.4642,0.5076,0.9199,1.462,0.445,0.5413,0.4238,0.8074,0.4461,0.4543,0.2677,0.669,0.71,0.2256,0.4295,0.6776,0.7625,0.501,1.0934,0.5408,0.6101,0.2458,0.8366,1.0592,0.3324,0.6238,0.9314,0.882,1.3421,0.9354,0.8737,0.2968,1.0546,1.4041,0.4636,0.7969,1.4955,0.9479,0.7115,0.6356,0.2365,0.7447,0.9389,0.3325,0.5674,1.0251,0.9895,1.0419,0.4416,1.3592,1.6784,0.5562,0.9864,1.6392,0.6603,0.2316,0.7655,0.9552,0.3599,0.5997,1.0616,0.2695,0.8271,1.024,0.4219,0.6802,1.0462,0.3813,0.4112,0.1149,0.2248,0.3645,1.4091,0.4427,0.8537,1.248,0.5272,1.0123,1.6563,0.427,0.5473,0.948
negative53.txt_gi|119800|sp|P10790.2,0.6031,0.641,1.1723,1.2933,0.3146,1.2215,1.6901,0.5988,0.815,1.3778,0.6873,1.9012,0.8331,0.7326,0.2113,1.2722,1.9081,0.3379,0.8843,1.6842,0.4697,0.6505,0.6685,0.322,0.6656,0.7816,0.4493,0.441,0.7298,0.5523,0.8752,0.5687,0.4922,0.2534,0.7174,0.8152,0.2412,0.4923,0.818,0.6678,0.6186,0.2995,0.757,0.8427,0.3917,0.5719,0.7511,0.4961,1.0081,0.5244,0.5401,0.2027,0.7349,0.9247,0.3115,0.602,0.8491,1.1129,0.3924,1.0343,1.2051,0.7146,0.7837,0.9448,0.6733,1.3115,0.7369,0.7123,0.3509,1.0665,1.2159,0.3758,0.767,1.0688,0.3315,1.0535,1.3275,0.7358,0.7039,0.8927,0.6602,1.2885,0.7673,0.7173,0.3833,0.9823,1.0288,0.3678,0.7086,1.0403,0.427,0.4803,0.2522,0.3105,0.5179,0.3471,0.5436,0.3552,0.3695,0.1336,0.4765,0.6134,0.1916,0.3412,0.5786,1.363,0.6166,0.8272,1.0732,0.731,1.4528,0.7986,0.8058,0.3273,1.1005,1.315,0.413,0.8432,1.2386,0.763,0.9123,1.1843,0.8174,1.6329,0.9308,0.9163,0.3908,1.2214,1.4269,0.4855,0.9393,1.3859,0.428,0.5506,0.4193,0.8039,0.4466,0.4222,0.25,0.6717,0.7042,0.2175,0.4432,0.6496,0.7704,0.4674,1.0425,0.5057,0.5687,0.2252,0.8043,1.0115,0.3096,0.6027,0.8534,0.8854,1.3744,0.9394,0.8556,0.2892,1.1006,1.4484,0.461,0.8635,1.4908,0.9331,0.7049,0.5903,0.2182,0.7349,0.9159,0.3158,0.5739,0.9902,0.9808,1.0018,0.4217,1.3684,1.6699,0.5388,1.0364,1.5713,0.6269,0.2282,0.7669,0.962,0.3485,0.6225,1.0468,0.2257,0.7905,0.9484,0.4092,0.6763,0.9725,0.3554,0.3697,0.104,0.2176,0.3195,1.4128,0.4308,0.8928,1.2109,0.5001,1.0588,1.5887,0.4365,0.5342,0.9675
negative53.txt_gi|119807|sp|P80049.1,0.6085,0.6559,1.1353,1.2755,0.2985,1.1409,1.6799,0.589,0.7398,1.2944,0.707,1.8601,0.8276,0.6955,0.1737,1.2046,1.9427,0.3408,0.84,1.7597,0.4754,0.6507,0.6556,0.3199,0.6431,0.7727,0.4525,0.4399,0.7008,0.5621,0.875,0.5601,0.4858,0.2361,0.7149,0.8528,0.2437,0.4801,0.8512,0.6476,0.6137,0.2843,0.7376,0.8332,0.3849,0.5516,0.713,0.492,1.0043,0.519,0.5176,0.1979,0.6991,0.9205,0.3141,0.5813,0.8565,1.0876,0.3751,0.9676,1.1886,0.6946,0.7205,0.8838,0.6735,1.2648,0.7234,0.6884,0.3136,1.0231,1.2118,0.3765,0.7231,1.0744,0.3204,0.9925,1.3221,0.7228,0.6464,0.8525,0.6664,1.2695,0.7579,0.6914,0.337,0.9444,1.0486,0.3691,0.6625,1.0592,0.3981,0.4549,0.2432,0.2991,0.4862,0.3393,0.5303,0.3467,0.3519,0.1165,0.4568,0.6028,0.188,0.317,0.5848,1.3042,0.5696,0.7859,0.9744,0.6923,1.3882,0.7404,0.742,0.2852,1.0095,1.2802,0.3973,0.759,1.2013,0.7512,0.8792,1.1241,0.817,1.6196,0.915,0.8757,0.3668,1.1751,1.4359,0.4756,0.8826,1.4008,0.4008,0.5311,0.4228,0.7813,0.4396,0.4085,0.2312,0.6536,0.7057,0.2127,0.3957,0.6662,0.7,0.4565,0.9808,0.4776,0.5496,0.2007,0.7433,0.9937,0.2992,0.5719,0.8466,0.8653,1.3054,0.9081,0.8079,0.2774,1.0032,1.4081,0.4478,0.7855,1.4757,0.9235,0.7194,0.5749,0.2137,0.7249,0.9391,0.318,0.5535,1.0253,0.962,0.9635,0.4058,1.3142,1.6653,0.5315,0.9595,1.5836,0.5998,0.2148,0.7372,0.9618,0.3437,0.5853,1.0643,0.2121,0.7587,0.9638,0.4032,0.6562,0.9642,0.3369,0.3722,0.0984,0.1908,0.3263,1.3864,0.4103,0.808,1.2019,0.5053,1.0046,1.6419,0.4362,0.5371,0.9302
negative53.txt_gi|127725|sp|P02689.3,0.587,0.6857,1.2269,1.2903,0.3205,1.1639,1.66,0.6017,0.7559,1.3076,0.7184,1.8582,0.8331,0.7281,0.2089,1.1956,1.9852,0.319,0.8328,1.7688,0.4885,0.6738,0.6647,0.3316,0.6524,0.7761,0.4517,0.4398,0.7159,0.5651,0.8681,0.5635,0.4928,0.2553,0.7013,0.8664,0.2434,0.4749,0.8451,0.7034,0.6489,0.3089,0.7704,0.8613,0.4101,0.5745,0.7442,0.5279,1.0321,0.5432,0.5485,0.2217,0.7184,0.9636,0.3107,0.5925,0.8896,1.1388,0.4034,1.0231,1.2339,0.7249,0.7581,0.9413,0.7174,1.3166,0.7514,0.7323,0.3616,1.052,1.2797,0.3833,0.7436,1.1315,0.3404,1.0125,1.3279,0.7312,0.6643,0.873,0.6857,1.2717,0.7593,0.7082,0.3803,0.9482,1.0834,0.3672,0.6648,1.0769,0.429,0.4807,0.246,0.3205,0.5057,0.3543,0.5595,0.356,0.3832,0.1364,0.47,0.6354,0.1899,0.3268,0.6097,1.3122,0.5812,0.8026,0.9874,0.7199,1.3977,0.751,0.7732,0.3209,1.0195,1.3165,0.3875,0.7568,1.22,0.7475,0.8896,1.1329,0.845,1.6064,0.9254,0.894,0.3951,1.1665,1.4548,0.4624,0.8666,1.4146,0.4042,0.5364,0.4344,0.788,0.4395,0.4173,0.2528,0.655,0.7243,0.2129,0.3979,0.6697,0.7092,0.4828,0.996,0.4925,0.5879,0.2196,0.7625,1.0298,0.3034,0.5865,0.8639,0.8924,1.3227,0.925,0.8373,0.3007,1.0207,1.4343,0.4429,0.7991,1.4817,0.9514,0.7271,0.6005,0.2361,0.7401,0.9791,0.3225,0.5657,1.0394,0.9764,0.9883,0.4309,1.2985,1.6942,0.519,0.943,1.5976,0.6167,0.2274,0.7463,0.9812,0.3418,0.5872,1.0676,0.2296,0.7644,1.0065,0.3939,0.6543,0.999,0.3499,0.401,0.1014,0.2001,0.3548,1.4074,0.3985,0.8041,1.2107,0.4947,1.0156,1.6706,0.421,0.5291,0.9279
negative53.txt_gi|132399|sp|P06768.3,0.6418,0.6783,1.2173,1.3202,0.3067,1.143,1.7366,0.5784,0.6697,1.3437,0.7289,1.8521,0.8735,0.6857,0.2195,1.2587,1.9714,0.3273,0.7942,1.751,0.514,0.6898,0.6997,0.3499,0.6804,0.8369,0.4658,0.4388,0.7544,0.5923,0.9029,0.6066,0.5115,0.2756,0.7463,0.9053,0.2629,0.4832,0.871,0.7128,0.6703,0.3031,0.7707,0.8842,0.4129,0.5418,0.759,0.538,1.0242,0.5667,0.5292,0.2271,0.7472,0.9685,0.3147,0.5785,0.8723,1.1445,0.4233,1.0192,1.2626,0.7057,0.7406,0.9577,0.7093,1.3285,0.7604,0.7211,0.3596,1.0828,1.2994,0.4,0.73,1.1045,0.3628,1.0203,1.3617,0.7174,0.6378,0.9049,0.6969,1.3105,0.7957,0.7088,0.3851,0.9876,1.1039,0.3857,0.6658,1.0539,0.4208,0.495,0.262,0.301,0.5118,0.3598,0.5526,0.3652,0.3622,0.1446,0.4921,0.6347,0.1959,0.3231,0.5992,1.3262,0.5764,0.7502,1.0015,0.7144,1.3811,0.7657,0.736,0.316,1.046,1.3082,0.3955,0.7466,1.1856,0.751,0.8571,1.1858,0.857,1.6456,0.9582,0.8853,0.4201,1.2469,1.508,0.4874,0.8891,1.3957,0.3736,0.559,0.4352,0.7884,0.4579,0.4097,0.2527,0.67,0.7262,0.2258,0.3943,0.6533,0.6964,0.4691,0.9122,0.4904,0.5233,0.1956,0.7362,0.9664,0.2923,0.5425,0.8116,0.9111,1.3311,0.9549,0.8237,0.3133,1.0642,1.4454,0.4631,0.7888,1.5002,0.9474,0.7473,0.5998,0.2393,0.7658,0.9813,0.3366,0.5613,1.0404,0.99,0.9427,0.4374,1.3431,1.6852,0.5288,0.9255,1.5457,0.6265,0.2473,0.7913,1.0113,0.3623,0.5965,1.0819,0.2239,0.7698,0.9758,0.3899,0.6324,0.9507,0.3725,0.4205,0.1113,0.1972,0.3404,1.455,0.4308,0.8171,1.2181,0.5178,0.9969,1.6355,0.4149,0.5251,0.8879
negative53.txt_gi|399472|sp|P31417.3,0.6264,0.6902,1.2158,1.2615,0.2933,1.1242,1.7244,0.7514,0.6969,1.31,0.713,1.8017,0.7975,0.6918,0.1781,1.2809,2.0249,0.3456,0.8317,1.7656,0.5271,0.6937,0.6746,0.3122,0.643,0.8099,0.5437,0.4483,0.7392,0.5699,0.8943,0.5746,0.495,0.2529,0.7485,0.9096,0.2746,0.4696,0.869,0.7105,0.6712,0.3034,0.7563,0.8911,0.4869,0.5506,0.7524,0.5264,1.0052,0.5497,0.5243,0.2208,0.7536,0.9734,0.3178,0.5931,0.9072,1.1143,0.372,0.9796,1.2592,0.8127,0.7647,0.9411,0.7093,1.2959,0.7503,0.7163,0.3434,1.0931,1.2958,0.4278,0.7322,1.1264,0.305,0.9691,1.3351,0.7947,0.6435,0.8773,0.6777,1.2511,0.7677,0.6831,0.3479,0.9718,1.079,0.4044,0.6571,1.0603,0.3875,0.4499,0.2594,0.2936,0.4792,0.3287,0.5079,0.3366,0.3407,0.12,0.4529,0.6141,0.1826,0.2862,0.5722,1.3164,0.6221,0.7705,0.979,0.7029,1.3423,0.7299,0.7191,0.288,1.0203,1.2823,0.394,0.7459,1.2043,0.8466,0.8878,1.1522,0.8474,1.6018,0.9081,0.8645,0.3901,1.2176,1.4742,0.4924,0.8851,1.4192,0.445,0.6161,0.4814,0.8775,0.4905,0.4619,0.2761,0.7695,0.8531,0.2953,0.4671,0.7575,0.7084,0.4867,0.9476,0.4926,0.5355,0.2056,0.7637,0.9921,0.3041,0.577,0.8534,0.8921,1.2982,0.9112,0.8156,0.311,1.0462,1.434,0.4575,0.7728,1.4852,0.9373,0.7078,0.5925,0.2278,0.7578,0.9624,0.3249,0.5357,1.0407,0.9607,0.9232,0.4183,1.3305,1.6631,0.5263,0.9096,1.56,0.6006,0.2337,0.7686,0.9694,0.3415,0.559,1.0482,0.2185,0.7855,0.9816,0.3988,0.6299,0.9683,0.3573,0.4028,0.1183,0.1917,0.3532,1.4812,0.4517,0.8184,1.2402,0.5335,1.0109,1.6764,0.4345,0.5353,0.9109
negative53.txt_gi|1706750|sp|P51880.2,0.6232,0.6817,1.2485,1.2945,0.35,1.1397,1.6551,0.6312,0.6687,1.3111,0.7327,1.8893,0.8281,0.7011,0.2198,1.231,2.0389,0.3206,0.8086,1.7225,0.4832,0.685,0.6745,0.3529,0.645,0.7679,0.4653,0.4164,0.7162,0.58,0.8761,0.5685,0.4954,0.2685,0.7196,0.8721,0.2385,0.4735,0.8417,0.6995,0.6449,0.3306,0.7604,0.8533,0.4223,0.5312,0.7425,0.5283,1.0456,0.5269,0.5344,0.216,0.7282,0.9792,0.3141,0.585,0.8704,1.1482,0.4185,1.0092,1.2137,0.7555,0.7512,0.9278,0.7238,1.335,0.7401,0.7312,0.3711,1.0878,1.3036,0.3928,0.7472,1.0957,0.3534,1.0099,1.3238,0.7504,0.6526,0.8691,0.6958,1.2865,0.7646,0.7108,0.3865,0.9741,1.097,0.3718,0.6548,1.0622,0.4463,0.4994,0.2717,0.3331,0.5388,0.3747,0.5918,0.3609,0.3942,0.1421,0.5037,0.6855,0.2089,0.3566,0.637,1.2955,0.603,0.7521,0.9753,0.7143,1.3985,0.7291,0.7427,0.3143,1.0182,1.3157,0.3831,0.7387,1.1894,0.771,0.8413,1.1217,0.8408,1.6087,0.9055,0.8735,0.3916,1.167,1.4501,0.462,0.8546,1.3804,0.4083,0.5488,0.4547,0.8185,0.447,0.4327,0.2619,0.6906,0.764,0.2226,0.408,0.6817,0.6755,0.4683,0.9536,0.4545,0.5294,0.2059,0.7274,0.9777,0.2893,0.5422,0.7893,0.8969,1.3281,0.9028,0.8284,0.2976,1.0236,1.4477,0.444,0.7887,1.4674,0.9638,0.7278,0.6025,0.2419,0.7588,0.9975,0.3227,0.5627,1.0375,0.9596,0.9794,0.4364,1.3378,1.7364,0.5258,0.9539,1.5803,0.604,0.2348,0.7313,0.9573,0.3404,0.5701,1.0421,0.2353,0.7683,0.9898,0.3915,0.6346,0.9617,0.3637,0.4033,0.1039,0.1998,0.3498,1.435,0.4093,0.8118,1.1997,0.5029,1.025,1.6487,0.4093,0.5224,0.8951
negative53.txt_gi|1729979|sp|P55054.1,0.618,0.6427,1.2541,1.257,0.3435,1.155,1.6991,0.645,0.737,1.2779,0.7182,1.9136,0.8557,0.6888,0.2019,1.2881,1.9834,0.3187,0.8724,1.7649,0.4804,0.7022,0.6734,0.35,0.6622,0.8083,0.4819,0.4431,0.7197,0.5775,0.8919,0.5882,0.4969,0.2532,0.7481,0.8814,0.2418,0.4967,0.8687,0.6869,0.6277,0.3058,0.7472,0.8547,0.4195,0.5336,0.7088,0.5053,1.0139,0.5316,0.5065,0.2043,0.7265,0.9255,0.3031,0.5926,0.8435,1.1237,0.4169,1.0178,1.241,0.7652,0.7717,0.9342,0.7217,1.3497,0.78,0.7267,0.3353,1.1221,1.3011,0.3869,0.7816,1.1266,0.3455,0.9882,1.3115,0.7363,0.6468,0.8692,0.6732,1.2651,0.776,0.6996,0.3422,0.9764,1.0655,0.363,0.6821,1.0504,0.445,0.4994,0.2746,0.3409,0.5255,0.3686,0.5938,0.3786,0.3831,0.1355,0.5056,0.6596,0.1964,0.3437,0.6326,1.3122,0.6127,0.8015,0.9725,0.6998,1.4105,0.7556,0.7313,0.2899,1.0452,1.3023,0.3803,0.7669,1.1984,0.795,0.8911,1.1307,0.8313,1.6239,0.9356,0.8681,0.3769,1.2301,1.4594,0.4674,0.9234,1.399,0.436,0.5673,0.4529,0.8384,0.4673,0.4326,0.2458,0.7244,0.7826,0.2267,0.45,0.6979,0.6865,0.4687,1.0061,0.4996,0.5352,0.2019,0.7657,0.9929,0.2959,0.5728,0.831,0.8752,1.3319,0.9283,0.81,0.2914,1.0395,1.4029,0.4379,0.7947,1.4633,0.9578,0.7348,0.5875,0.2286,0.7695,0.9746,0.3157,0.5765,1.0418,1.008,0.9747,0.4045,1.3685,1.7102,0.5218,0.9708,1.6053,0.6199,0.2319,0.7851,0.9944,0.346,0.6141,1.0946,0.2221,0.7731,0.9639,0.3861,0.635,0.9478,0.3573,0.3791,0.097,0.2,0.3305,1.459,0.4075,0.8542,1.2379,0.4885,1.0392,1.649,0.4247,0.5065,0.9239
negative53.txt_gi|2494404|sp|Q90239.3,0.5853,0.653,1.1245,1.1896,0.3021,1.2274,1.6335,0.6196,0.6872,1.3569,0.7583,1.8816,0.8777,0.6732,0.1483,1.2256,1.9546,0.3438,0.7424,1.7594,0.4816,0.6289,0.6111,0.3185,0.6353,0.7532,0.4539,0.4135,0.7334,0.5842,0.849,0.5924,0.4597,0.204,0.7021,0.842,0.2457,0.4442,0.8432,0.6694,0.6303,0.2784,0.767,0.8316,0.4244,0.5244,0.7417,0.5294,1.0234,0.5534,0.4988,0.1996,0.7233,0.9413,0.3093,0.5326,0.8467,1.0378,0.3678,0.9884,1.1699,0.7054,0.7168,0.9314,0.7252,1.257,0.7642,0.6753,0.2682,1.0297,1.2371,0.3866,0.6904,1.0898,0.3006,1.0012,1.2675,0.7091,0.642,0.8824,0.6956,1.2203,0.7766,0.6712,0.2878,0.9262,1.0673,0.3613,0.6276,1.0525,0.3966,0.4441,0.2457,0.2856,0.4911,0.3521,0.5239,0.3607,0.3453,0.1066,0.4604,0.6006,0.1835,0.3022,0.5825,1.3283,0.6225,0.814,1.0263,0.7374,1.4444,0.7807,0.74,0.2782,1.0585,1.3456,0.411,0.7161,1.2374,0.7642,0.8421,1.1634,0.8635,1.5854,0.9607,0.844,0.3198,1.185,1.4438,0.479,0.8221,1.3984,0.426,0.5935,0.4716,0.8004,0.4758,0.4246,0.2199,0.6796,0.7734,0.2334,0.4028,0.7061,0.6909,0.4793,0.9763,0.499,0.5104,0.1854,0.7498,0.9778,0.2913,0.4999,0.8182,0.9228,1.3757,0.9582,0.813,0.29,1.0734,1.4475,0.4746,0.7753,1.4969,0.9923,0.77,0.5876,0.222,0.7825,0.9865,0.3317,0.5455,1.0654,1.0245,0.9485,0.3575,1.3318,1.7091,0.5445,0.9009,1.6152,0.609,0.2216,0.7919,1.0017,0.3556,0.5866,1.1093,0.2005,0.7554,0.944,0.3983,0.603,0.9347,0.2967,0.368,0.0968,0.1668,0.3133,1.4249,0.424,0.7632,1.233,0.5279,0.9366,1.6392,0.4152,0.5297,0.8617
negative53.txt_gi|2494407|sp|Q20224.1,0.862,0.6997,1.07,1.1216,0.3882,1.2559,1.6866,0.5829,0.7241,1.5412,1.0338,1.9235,1.0006,0.9298,0.3245,1.3519,2.0474,0.3054,0.8426,1.8975,0.5556,0.6919,0.6649,0.4555,0.7429,0.885,0.5004,0.505,0.9459,0.8356,0.9613,0.7611,0.6561,0.3807,0.8792,1.0183,0.2861,0.5639,1.0906,0.6842,0.6012,0.3393,0.8125,0.8993,0.4356,0.5769,0.8143,0.5893,1.0457,0.5879,0.5883,0.2833,0.825,1.0294,0.318,0.6213,0.9149,0.9939,0.4192,0.9963,1.1727,0.6927,0.7146,0.9338,0.7147,1.296,0.7378,0.7017,0.4316,1.0297,1.1987,0.3555,0.6731,1.0752,0.3495,0.9682,1.2056,0.6834,0.6049,0.872,0.6855,1.2084,0.7469,0.6479,0.43,0.9005,0.9868,0.3406,0.6123,1.0096,0.4956,0.5592,0.2817,0.3641,0.6233,0.4894,0.628,0.4387,0.457,0.2268,0.5572,0.7107,0.2158,0.3763,0.7154,1.3569,0.6198,0.8218,1.1277,0.8245,1.4647,0.8434,0.8221,0.4217,1.1139,1.3726,0.4204,0.7941,1.29,0.7686,0.8809,1.2399,0.9207,1.6316,0.9649,0.9038,0.5074,1.2763,1.4934,0.4629,0.8896,1.4518,0.4518,0.6019,0.4993,0.8433,0.4867,0.4595,0.3011,0.6768,0.7793,0.2416,0.4316,0.7237,0.7667,0.5421,1.0068,0.5508,0.5932,0.2822,0.8077,1.0193,0.301,0.5818,0.8719,1.1644,1.411,1.1298,1.0345,0.4345,1.204,1.5561,0.4848,0.9206,1.6628,1.0539,0.9429,0.8287,0.3669,0.9301,1.1441,0.3699,0.6773,1.2892,1.051,1.0471,0.5609,1.4101,1.7634,0.5323,0.9814,1.6224,0.791,0.3331,0.8875,1.0958,0.3739,0.6836,1.228,0.3076,0.9186,1.1267,0.4191,0.7708,1.1241,0.4783,0.5409,0.1373,0.2543,0.519,1.5623,0.4273,0.882,1.3551,0.5165,1.0788,1.7234,0.4161,0.5417,1.0023
negative53.txt_gi|2494410|sp|Q23092.1,0.6666,0.7984,1.2611,1.2304,0.3571,1.3047,1.7998,0.7193,0.845,1.2853,0.783,2.0464,0.8632,0.736,0.374,1.2767,1.9202,0.3289,0.7345,1.7349,0.5354,0.711,0.7028,0.352,0.7007,0.8471,0.5078,0.4953,0.7459,0.6228,0.9324,0.6206,0.5239,0.3618,0.7816,0.8957,0.2551,0.4726,0.896,0.7658,0.6769,0.3318,0.8747,0.9708,0.5146,0.6566,0.7743,0.5973,1.1652,0.5599,0.5833,0.3303,0.7882,0.9935,0.3399,0.5868,0.9145,1.1386,0.4348,1.1254,1.3167,0.8438,0.8674,0.943,0.7707,1.4439,0.7749,0.7759,0.505,1.1136,1.3097,0.4079,0.7283,1.1448,0.3563,1.0384,1.3132,0.7845,0.7151,0.8673,0.7428,1.3045,0.7798,0.7134,0.4778,0.9812,1.0933,0.3567,0.6409,1.0476,0.4876,0.5257,0.2953,0.3607,0.5189,0.3863,0.617,0.3933,0.3839,0.1957,0.5082,0.6516,0.1827,0.3239,0.6484,1.4306,0.734,0.9139,1.0125,0.7964,1.5543,0.7914,0.8013,0.4725,1.111,1.366,0.3954,0.7368,1.2438,0.8465,0.994,1.2326,0.9623,1.7477,0.9905,0.9518,0.5369,1.2775,1.5488,0.5049,0.8892,1.4716,0.5356,0.6001,0.5199,0.9657,0.4906,0.4825,0.3645,0.7325,0.8163,0.2373,0.4274,0.7392,0.7373,0.5481,1.1347,0.5337,0.6188,0.3578,0.8371,1.0637,0.3295,0.5716,0.8994,0.93,1.3405,0.9423,0.8275,0.4223,1.0433,1.3925,0.4647,0.7653,1.4528,1.0538,0.7674,0.6422,0.358,0.824,1.0274,0.3482,0.5877,1.0848,1.0215,1.0504,0.641,1.4217,1.7586,0.5471,0.96,1.6132,0.6351,0.3291,0.8217,1.0138,0.3475,0.5837,1.1002,0.3296,0.8123,1.0161,0.4143,0.6494,0.9836,0.5193,0.56,0.1528,0.2761,0.4922,1.4335,0.4249,0.7979,1.2768,0.5273,0.9715,1.6533,0.4116,0.5364,0.9
negative53.txt_gi|7387652|sp|P82289.1,0.5679,0.6744,1.1537,1.2777,0.3069,1.2568,1.6494,0.5903,0.673,1.3318,0.7364,1.9577,0.8859,0.709,0.1258,1.2381,1.9974,0.3914,0.7241,1.781,0.4688,0.6235,0.6357,0.3161,0.6443,0.7537,0.4428,0.4083,0.7084,0.5681,0.8567,0.5905,0.4659,0.1867,0.6922,0.8404,0.2571,0.4209,0.8416,0.6821,0.6545,0.2801,0.7733,0.8326,0.4177,0.5289,0.7342,0.5116,1.0541,0.5466,0.5292,0.1786,0.7397,0.9529,0.3422,0.5345,0.8548,1.0989,0.3703,1.0136,1.1982,0.7025,0.718,0.9394,0.7107,1.3003,0.7762,0.7072,0.2542,1.0411,1.2613,0.4299,0.7,1.1061,0.3138,1.0297,1.3203,0.7117,0.6547,0.9226,0.695,1.2841,0.8061,0.7199,0.2711,0.9744,1.1156,0.4308,0.6654,1.0901,0.4035,0.4528,0.2499,0.2767,0.4933,0.3554,0.5301,0.3707,0.3508,0.1003,0.458,0.6118,0.1962,0.2978,0.5955,1.3566,0.6048,0.8041,1.0247,0.7313,1.48,0.7935,0.7756,0.2623,1.0771,1.3711,0.433,0.7179,1.2674,0.7456,0.8359,1.1456,0.8463,1.618,0.9655,0.8785,0.3072,1.1955,1.4621,0.5081,0.8202,1.4102,0.4022,0.5727,0.4492,0.8061,0.4705,0.4298,0.1969,0.6754,0.7603,0.2538,0.3953,0.6975,0.6735,0.4605,0.9919,0.4902,0.5307,0.1695,0.7426,0.9606,0.3039,0.4993,0.818,0.8949,1.3925,0.9553,0.8339,0.2711,1.0681,1.4492,0.5097,0.7509,1.4874,0.9819,0.7633,0.5922,0.2028,0.7652,0.977,0.3391,0.5271,1.0532,1.0325,1.0101,0.3442,1.3749,1.7668,0.6003,0.9196,1.6494,0.6317,0.2127,0.7937,1.0141,0.3751,0.5877,1.1146,0.1949,0.7848,0.9897,0.4337,0.6137,0.9753,0.2914,0.357,0.0901,0.159,0.3016,1.4504,0.4657,0.7765,1.245,0.5647,0.9487,1.6644,0.4412,0.581,0.8515
negative53.txt_gi|14423714|sp|Q9U5P1.1,0.5808,0.6272,1.2137,1.2478,0.3025,1.2009,1.7066,0.6376,0.7356,1.3392,0.7805,1.923,0.8267,0.6926,0.2118,1.1696,1.9337,0.4687,0.7982,1.6847,0.4646,0.6595,0.6495,0.3162,0.6481,0.7843,0.4636,0.4334,0.7178,0.583,0.8749,0.57,0.4735,0.239,0.6817,0.8381,0.2744,0.4477,0.8249,0.6687,0.6044,0.2887,0.7508,0.841,0.391,0.5431,0.7208,0.5213,1.0102,0.5197,0.498,0.2048,0.6938,0.9108,0.3536,0.5329,0.8306,1.1062,0.3778,1.008,1.2366,0.7557,0.767,0.9384,0.7439,1.3306,0.7328,0.7094,0.3611,1.0434,1.244,0.469,0.7349,1.0694,0.3088,0.9918,1.3113,0.7374,0.6497,0.8555,0.6995,1.2521,0.7332,0.6801,0.3606,0.9249,1.0315,0.4355,0.6479,1.0115,0.4084,0.4593,0.241,0.3015,0.4994,0.3584,0.5416,0.3537,0.3549,0.1196,0.4438,0.6044,0.2004,0.3093,0.5784,1.3545,0.5825,0.8176,1.0169,0.7558,1.4344,0.7496,0.7386,0.3072,1.0195,1.3068,0.483,0.7374,1.2088,0.7689,0.886,1.1612,0.8917,1.6441,0.9196,0.8658,0.3907,1.1877,1.4497,0.5781,0.868,1.3848,0.4062,0.5514,0.4803,0.8122,0.4499,0.4186,0.2662,0.6662,0.7208,0.2695,0.4103,0.6466,0.7163,0.5076,1.0104,0.4963,0.5318,0.2324,0.7489,0.9753,0.3534,0.5346,0.8149,0.9298,1.3558,0.9212,0.8236,0.3037,1.0361,1.4474,0.5269,0.7818,1.4629,1.0094,0.7489,0.6058,0.2405,0.7694,0.9982,0.3772,0.5651,1.0612,0.9817,0.9756,0.4273,1.3258,1.69,0.6509,0.9425,1.572,0.6015,0.2185,0.7455,0.963,0.3657,0.559,1.0514,0.2336,0.7561,0.9553,0.4493,0.6261,0.9344,0.3559,0.4063,0.135,0.2105,0.3248,1.383,0.4657,0.7888,1.1657,0.5967,0.9762,1.5975,0.4913,0.5991,0.863
negative53.txt_gi|14916691|sp|P82980.3,0.6367,0.6808,1.1799,1.2769,0.3065,1.1633,1.7601,0.6195,0.7766,1.3211,0.7407,1.8409,0.8909,0.6836,0.207,1.2196,1.985,0.3313,0.8351,1.7137,0.5111,0.6922,0.6977,0.3431,0.6697,0.8354,0.4827,0.4624,0.7438,0.5967,0.8914,0.6117,0.5048,0.2716,0.7375,0.9046,0.2561,0.493,0.853,0.6856,0.6543,0.3017,0.7776,0.896,0.4272,0.5779,0.7531,0.5403,1.0297,0.5755,0.5323,0.2236,0.7403,0.9736,0.319,0.5866,0.8766,1.1194,0.4109,1.0055,1.2571,0.7248,0.7673,0.9374,0.7215,1.2835,0.7805,0.7128,0.3399,1.0565,1.2672,0.3903,0.7393,1.0817,0.3608,1.0045,1.3599,0.7353,0.6943,0.8913,0.706,1.2657,0.7965,0.72,0.3695,0.9703,1.082,0.3835,0.6892,1.0512,0.4251,0.5059,0.2733,0.3209,0.506,0.363,0.5523,0.3671,0.3612,0.1417,0.4786,0.6325,0.1934,0.3295,0.5875,1.3476,0.6134,0.8369,1.0064,0.7322,1.3948,0.7799,0.7497,0.3052,1.0444,1.3202,0.4091,0.7675,1.2045,0.8056,0.9532,1.1874,0.8832,1.6493,0.9883,0.9084,0.4075,1.2375,1.4935,0.5047,0.9275,1.4311,0.4454,0.5837,0.4635,0.8113,0.4836,0.4352,0.2582,0.6848,0.7718,0.228,0.4194,0.6837,0.7334,0.5033,1.0109,0.5278,0.5495,0.2177,0.7866,1.0425,0.3142,0.5952,0.8684,0.9161,1.3344,0.9647,0.8191,0.3159,1.0394,1.4319,0.4616,0.7895,1.4709,0.9662,0.7622,0.6004,0.2486,0.7644,0.9971,0.3349,0.5685,1.0358,1.0088,0.9572,0.4206,1.3198,1.6919,0.5374,0.9547,1.5576,0.6377,0.2574,0.7957,1.0317,0.3706,0.6271,1.0823,0.2282,0.7619,0.9609,0.4012,0.6445,0.9391,0.3495,0.4155,0.1046,0.1988,0.3433,1.4243,0.4228,0.8213,1.199,0.5139,1.0024,1.6306,0.4304,0.5306,0.9107
negative53.txt_gi|20139582|sp|Q96R05.1,0.6408,0.6928,1.2439,1.2501,0.3026,1.1617,1.7435,0.6147,0.6885,1.3139,0.7569,1.8356,0.846,0.6984,0.225,1.2215,2.0429,0.3503,0.8186,1.7726,0.5096,0.7091,0.679,0.3462,0.6697,0.8375,0.4821,0.4485,0.7459,0.6036,0.9027,0.5956,0.5107,0.2779,0.737,0.9202,0.2682,0.4873,0.8705,0.7125,0.6458,0.3001,0.7759,0.8911,0.4232,0.5634,0.7514,0.556,1.0229,0.5592,0.5455,0.2338,0.7309,0.9939,0.3241,0.587,0.8977,1.1312,0.4068,1.0271,1.292,0.7488,0.7541,0.9596,0.7413,1.3287,0.7645,0.7408,0.3765,1.085,1.3315,0.4092,0.7572,1.1291,0.3422,0.9882,1.3275,0.7209,0.6363,0.8794,0.6954,1.2518,0.7731,0.6959,0.3737,0.9388,1.0907,0.378,0.6478,1.0521,0.4137,0.4839,0.2608,0.2949,0.5027,0.3645,0.539,0.3573,0.3614,0.145,0.4694,0.6402,0.2055,0.3202,0.5961,1.332,0.5966,0.7792,1.0043,0.7441,1.393,0.7626,0.7598,0.3302,1.0333,1.3522,0.4132,0.7501,1.2223,0.7877,0.89,1.1718,0.8842,1.6349,0.9486,0.9073,0.4439,1.2259,1.5326,0.495,0.8916,1.4229,0.4039,0.5681,0.4656,0.807,0.4721,0.4358,0.2695,0.6931,0.7687,0.2341,0.4256,0.6772,0.6862,0.4963,0.9407,0.4915,0.5483,0.2254,0.7383,1.004,0.3007,0.568,0.8259,0.9222,1.3145,0.939,0.8248,0.3208,1.0324,1.4628,0.4741,0.7955,1.4904,0.9719,0.749,0.6146,0.2508,0.7724,1.0304,0.352,0.5825,1.0731,0.9779,0.9673,0.4472,1.321,1.7151,0.5393,0.9403,1.5659,0.6161,0.2494,0.7735,1.0207,0.3698,0.6041,1.0739,0.2441,0.7702,1.01,0.4089,0.6506,0.9744,0.3771,0.4348,0.1172,0.2131,0.3614,1.4452,0.4277,0.8146,1.2037,0.5526,1.0485,1.6895,0.4246,0.5515,0.9159
negative53.txt_gi|47115571|sp|O01812.1,0.6212,0.7191,1.3112,1.282,0.3423,1.1031,1.7124,0.6909,0.8116,1.4308,0.757,1.8771,0.8639,0.7829,0.2681,1.1742,1.981,0.379,0.828,1.6449,0.5224,0.7177,0.6992,0.3563,0.6702,0.8376,0.5032,0.5001,0.7656,0.594,0.9105,0.605,0.5246,0.2882,0.7252,0.8833,0.3015,0.4866,0.8459,0.7497,0.6642,0.3383,0.7638,0.9002,0.4614,0.5943,0.7957,0.5706,1.056,0.5754,0.5696,0.2501,0.7331,1.0002,0.3718,0.617,0.8856,1.18,0.4465,1.0388,1.3044,0.8154,0.8604,1.0311,0.7771,1.3679,0.8262,0.7734,0.4198,1.0963,1.3458,0.455,0.7734,1.1429,0.3522,0.9959,1.3391,0.7924,0.7143,0.9253,0.7204,1.2751,0.8062,0.7305,0.4239,0.9797,1.1229,0.3985,0.6821,1.0326,0.4339,0.5077,0.281,0.356,0.5555,0.3759,0.5878,0.3731,0.4001,0.1691,0.4904,0.6535,0.2189,0.3439,0.6096,1.3022,0.612,0.8054,1.0104,0.736,1.3664,0.7856,0.7648,0.3557,0.9836,1.2805,0.4224,0.7612,1.1418,0.8257,0.9275,1.2319,0.9197,1.6454,0.992,0.9536,0.462,1.1987,1.5113,0.526,0.9245,1.3954,0.4875,0.6246,0.4961,0.845,0.4943,0.4718,0.3122,0.7191,0.8034,0.2678,0.4366,0.7003,0.798,0.5538,1.0363,0.5748,0.5822,0.277,0.8025,1.0879,0.3625,0.602,0.8732,0.947,1.4145,0.9853,0.8957,0.3698,1.0726,1.5085,0.5162,0.8509,1.4945,1.024,0.7561,0.6575,0.2783,0.7793,1.0169,0.3812,0.6066,1.0198,1.0489,1.0265,0.4749,1.3001,1.7208,0.5991,0.9872,1.5602,0.6829,0.2624,0.7882,1.0305,0.3829,0.6232,1.069,0.2592,0.779,1.005,0.4568,0.6943,0.9922,0.4017,0.4744,0.1384,0.2448,0.3814,1.3952,0.4357,0.7837,1.1746,0.595,1.0497,1.6172,0.4654,0.5746,0.9338
negative53.txt_gi|47115572|sp|O01814.1,0.6334,0.7061,1.2773,1.2884,0.3449,1.1266,1.7299,0.706,0.8131,1.4101,0.7741,1.7821,0.8775,0.7782,0.261,1.2494,1.9197,0.3644,0.8552,1.6597,0.5162,0.7213,0.7147,0.363,0.6788,0.8525,0.5069,0.5004,0.7635,0.6081,0.8984,0.623,0.5446,0.2893,0.7597,0.8795,0.2968,0.5017,0.8591,0.7321,0.6624,0.3373,0.762,0.9115,0.4688,0.5911,0.7822,0.5714,1.0313,0.5734,0.5678,0.234,0.7426,0.9836,0.3659,0.6127,0.8806,1.1689,0.4356,1.0291,1.2879,0.8081,0.8389,0.9969,0.7697,1.3103,0.8167,0.7551,0.4082,1.104,1.2923,0.4456,0.7878,1.1175,0.3571,1.0035,1.3421,0.7996,0.7072,0.9174,0.7294,1.2408,0.8187,0.7358,0.4163,1.0002,1.0953,0.3926,0.6993,1.0379,0.4354,0.5194,0.2826,0.3528,0.5527,0.3838,0.5769,0.3832,0.4085,0.167,0.5139,0.649,0.2161,0.3471,0.6138,1.3135,0.6222,0.8085,0.9998,0.7453,1.3425,0.798,0.7631,0.3362,1.0189,1.2666,0.4235,0.7714,1.1445,0.8376,0.9324,1.2227,0.9297,1.6089,0.9943,0.9652,0.45,1.2282,1.493,0.5301,0.9415,1.4008,0.4851,0.6149,0.5064,0.8371,0.4958,0.4813,0.3071,0.7323,0.7969,0.2591,0.4513,0.697,0.778,0.5516,1.0077,0.5621,0.5777,0.2607,0.8024,1.0567,0.3699,0.6187,0.87,0.9544,1.3487,0.9859,0.9028,0.3501,1.0839,1.4692,0.5088,0.8512,1.4923,1.0006,0.77,0.6723,0.2713,0.8114,1.0101,0.3844,0.6177,1.0418,1.0193,0.9989,0.4444,1.2967,1.6388,0.5819,0.979,1.5187,0.686,0.2686,0.8191,1.0132,0.3794,0.6305,1.0782,0.2568,0.8033,0.9902,0.4459,0.6905,1.0029,0.4135,0.4505,0.1298,0.2438,0.3752,1.4104,0.4437,0.8379,1.204,0.5802,1.0506,1.5974,0.4627,0.5677,0.9384
negative53.txt_gi|47115698|sp|Q7M4G0.3,0.6104,0.6384,1.1862,1.285,0.3422,1.1777,1.7779,0.6519,0.6843,1.3276,0.7757,1.8353,0.8357,0.6601,0.1719,1.2812,1.9204,0.3443,0.8129,1.724,0.4701,0.6648,0.6657,0.3489,0.652,0.8138,0.4752,0.431,0.726,0.5961,0.8644,0.5742,0.4757,0.2385,0.7402,0.859,0.2639,0.47,0.8462,0.6585,0.6183,0.3106,0.7451,0.8597,0.4132,0.5272,0.7132,0.527,0.9751,0.5262,0.493,0.1926,0.7214,0.9079,0.3065,0.5557,0.8352,1.1136,0.4091,0.997,1.2419,0.7535,0.7352,0.9262,0.7334,1.2799,0.7458,0.6859,0.3268,1.0802,1.2264,0.3973,0.712,1.078,0.3489,1.0149,1.3566,0.7586,0.653,0.8934,0.7126,1.2623,0.7647,0.6993,0.3435,0.9961,1.0528,0.3909,0.6707,1.0542,0.4413,0.5153,0.2702,0.3148,0.5301,0.3872,0.571,0.3677,0.3707,0.13,0.5062,0.6491,0.2072,0.325,0.6234,1.3662,0.6184,0.7781,1.0075,0.7592,1.3981,0.759,0.7304,0.2904,1.0642,1.2861,0.4062,0.7483,1.2075,0.805,0.9036,1.1939,0.9036,1.642,0.9469,0.8789,0.385,1.2756,1.4681,0.5005,0.9091,1.4338,0.426,0.5755,0.4802,0.8287,0.4602,0.4269,0.2519,0.7255,0.7459,0.2482,0.4151,0.6875,0.684,0.4992,0.9463,0.4824,0.4987,0.2026,0.7706,0.9456,0.2955,0.5467,0.8044,0.9298,1.3221,0.9359,0.7973,0.2948,1.0624,1.4158,0.4712,0.7807,1.4778,0.9943,0.7498,0.5962,0.2364,0.8016,1.0023,0.3386,0.5677,1.0763,0.9783,0.9253,0.3962,1.3394,1.6266,0.5271,0.9067,1.5546,0.6,0.2255,0.7743,0.9737,0.3576,0.5927,1.0642,0.2108,0.7567,0.9112,0.395,0.6064,0.9228,0.353,0.3718,0.0992,0.1837,0.3268,1.426,0.443,0.8078,1.2394,0.5085,0.9596,1.6175,0.4262,0.5489,0.9015
negative53.txt_gi|47115839|sp|Q8MUC1.1,0.5889,0.6097,1.2266,1.2552,0.3367,1.1105,1.7244,0.6921,0.7616,1.3081,0.7474,1.9099,0.8373,0.7399,0.1683,1.231,2.0796,0.3757,0.8656,1.7754,0.4421,0.663,0.6369,0.3326,0.6059,0.7663,0.4745,0.428,0.7016,0.5762,0.8492,0.5673,0.4836,0.2245,0.7065,0.8564,0.2561,0.4627,0.8384,0.6565,0.5897,0.2854,0.7061,0.83,0.4154,0.5408,0.6951,0.4949,0.9859,0.5138,0.5098,0.1832,0.6928,0.9324,0.3097,0.5583,0.8298,1.1063,0.4196,0.9867,1.2521,0.8147,0.7957,0.9227,0.7325,1.3412,0.7554,0.7358,0.3319,1.085,1.3128,0.4189,0.7427,1.1309,0.3297,0.9698,1.3077,0.7688,0.6724,0.8366,0.6791,1.2514,0.7488,0.7145,0.3367,0.9587,1.0845,0.3983,0.6614,1.0424,0.416,0.4912,0.2775,0.3226,0.5246,0.3726,0.5744,0.3718,0.3835,0.1143,0.4749,0.6494,0.2095,0.322,0.6299,1.3141,0.6188,0.7916,0.9556,0.6987,1.3869,0.7324,0.7474,0.2712,0.9984,1.3126,0.4025,0.7302,1.1861,0.8237,0.9176,1.1393,0.8471,1.652,0.9245,0.8992,0.3674,1.2241,1.5368,0.5019,0.8933,1.4218,0.4867,0.577,0.4887,0.8732,0.4749,0.4632,0.2618,0.7213,0.8195,0.2631,0.4351,0.726,0.7114,0.4962,1.0418,0.5113,0.5763,0.21,0.7812,1.0611,0.3177,0.5941,0.8573,0.8947,1.3409,0.9174,0.8311,0.2688,1.0489,1.4674,0.4729,0.8058,1.4938,0.9847,0.7349,0.6095,0.2213,0.7803,1.0071,0.3339,0.5704,1.0625,0.9959,1.0148,0.3835,1.3513,1.7803,0.575,0.9889,1.6255,0.6282,0.2151,0.7696,1.0111,0.365,0.6054,1.0772,0.2131,0.7839,1.025,0.4339,0.662,0.9929,0.3362,0.3786,0.1011,0.1929,0.3178,1.4535,0.4475,0.8239,1.2565,0.5655,1.0754,1.7125,0.4595,0.57,0.9386
negative53.txt_gi|47116941|sp|Q9U1G6.1,0.5925,0.6517,1.2519,1.2365,0.3281,1.1483,1.6975,0.698,0.7409,1.2874,0.7619,1.8411,0.8438,0.6864,0.1968,1.2445,1.9841,0.3471,0.8245,1.7903,0.4677,0.6664,0.6381,0.3285,0.6276,0.772,0.4861,0.4351,0.7083,0.5856,0.8508,0.5714,0.473,0.2455,0.7178,0.8596,0.2556,0.4663,0.8476,0.6873,0.6145,0.2943,0.7304,0.8424,0.4389,0.5474,0.712,0.5208,0.9962,0.527,0.4974,0.2178,0.7142,0.938,0.3117,0.5602,0.8614,1.1256,0.4091,1.0317,1.2665,0.8101,0.7908,0.955,0.7581,1.3374,0.7716,0.7179,0.3625,1.0965,1.3035,0.4044,0.7452,1.151,0.317,0.9788,1.2931,0.761,0.6434,0.8707,0.6977,1.2319,0.7601,0.6708,0.3523,0.9618,1.0617,0.3794,0.6703,1.0545,0.4142,0.483,0.2788,0.3205,0.5097,0.3687,0.5533,0.3641,0.3707,0.1266,0.4703,0.6434,0.2035,0.3256,0.6163,1.3191,0.6298,0.7881,0.9787,0.7318,1.3844,0.7504,0.7293,0.3139,1.0271,1.3044,0.3946,0.746,1.2088,0.8151,0.9065,1.1479,0.8754,1.6006,0.9309,0.8651,0.3998,1.1995,1.4787,0.4873,0.8901,1.4339,0.4734,0.5949,0.506,0.8706,0.4769,0.4456,0.285,0.7391,0.7981,0.2561,0.4446,0.7397,0.6896,0.5003,0.979,0.4941,0.5395,0.2389,0.7667,1.0082,0.2945,0.5557,0.8521,0.904,1.3072,0.923,0.8004,0.3073,1.032,1.4166,0.4692,0.7801,1.4814,0.987,0.7469,0.6007,0.2481,0.7837,1.0002,0.3388,0.5783,1.0775,0.9845,0.9409,0.4222,1.3196,1.6764,0.5326,0.9329,1.5902,0.604,0.231,0.7648,0.9852,0.3537,0.5887,1.0854,0.2268,0.7472,0.9554,0.3975,0.6275,0.9551,0.3664,0.4077,0.1043,0.206,0.358,1.4238,0.4333,0.8124,1.2303,0.5216,0.9903,1.678,0.4338,0.5617,0.9212
negative53.txt_gi|81905989|sp|Q9DAK4.1,0.6013,0.6537,1.1799,1.258,0.3431,1.1765,1.6609,0.6178,0.6732,1.3531,0.6979,1.9071,0.8631,0.7053,0.1979,1.2396,2.0106,0.3188,0.8386,1.7569,0.4796,0.6606,0.6568,0.3501,0.6621,0.7753,0.4524,0.427,0.7303,0.5567,0.8822,0.5819,0.4882,0.2514,0.7213,0.8689,0.2372,0.4691,0.8459,0.676,0.6314,0.3245,0.7593,0.8492,0.4069,0.5284,0.7507,0.5154,1.0226,0.5519,0.5225,0.2001,0.7217,0.9494,0.302,0.589,0.8669,1.0972,0.4175,1.0047,1.2005,0.7252,0.7199,0.9392,0.6953,1.3034,0.7596,0.7154,0.3368,1.0607,1.2582,0.3732,0.7251,1.1011,0.3607,1.0029,1.2996,0.7251,0.6304,0.8709,0.6628,1.2646,0.7709,0.7133,0.3565,0.9573,1.0578,0.3585,0.6553,1.0579,0.4681,0.5185,0.2634,0.3403,0.5448,0.3624,0.611,0.3849,0.3957,0.1338,0.5121,0.6743,0.2019,0.3503,0.6412,1.316,0.5969,0.7725,1.0196,0.7121,1.4292,0.773,0.7657,0.3052,1.0538,1.3353,0.3907,0.77,1.2214,0.7634,0.8556,1.1579,0.8258,1.6252,0.9355,0.887,0.3743,1.1995,1.4655,0.4629,0.8887,1.4051,0.409,0.5608,0.4284,0.8156,0.448,0.4367,0.2486,0.6819,0.7333,0.2172,0.4079,0.6791,0.7018,0.4561,0.9746,0.4955,0.5309,0.2005,0.7457,0.9759,0.282,0.5493,0.811,0.8885,1.3768,0.9486,0.8282,0.2945,1.074,1.4915,0.4492,0.8179,1.5034,0.9561,0.7314,0.575,0.2226,0.7502,0.9714,0.3173,0.5559,1.0229,1.0186,0.9981,0.4091,1.3423,1.7333,0.5253,0.9552,1.623,0.6226,0.2338,0.7821,1.0138,0.3449,0.597,1.0954,0.2282,0.77,0.9708,0.3924,0.6281,0.9688,0.3469,0.3805,0.0975,0.1886,0.3352,1.4334,0.4139,0.8217,1.2363,0.4985,1.0176,1.6768,0.4182,0.5293,0.9231
negative53.txt_gi|82247565|sp|Q9I8L5.1,0.5769,0.6016,1.2145,1.2712,0.3065,1.1823,1.6228,0.6249,0.6275,1.3036,0.7383,1.8154,0.8864,0.6665,0.1437,1.235,2.0295,0.3673,0.7129,1.7432,0.452,0.6467,0.6338,0.3151,0.6234,0.7362,0.4496,0.3981,0.708,0.5688,0.8324,0.5874,0.4563,0.2023,0.6947,0.8439,0.2446,0.4275,0.8329,0.6731,0.6199,0.2754,0.7305,0.7936,0.402,0.4871,0.6883,0.4968,0.9694,0.537,0.4765,0.1871,0.7016,0.9135,0.3005,0.5009,0.8213,1.1179,0.3799,1.0185,1.2163,0.7336,0.742,0.9573,0.7291,1.2956,0.789,0.6923,0.2962,1.076,1.3148,0.4342,0.7176,1.14,0.3117,1.0217,1.3187,0.7324,0.6477,0.9046,0.6938,1.2482,0.8042,0.6817,0.3072,0.9664,1.1297,0.4036,0.6526,1.0932,0.3903,0.4343,0.2519,0.2717,0.4919,0.3569,0.5161,0.3701,0.3457,0.1052,0.4584,0.6182,0.1978,0.3012,0.5903,1.2971,0.6189,0.7315,0.9707,0.7073,1.3808,0.7714,0.7162,0.2799,1.0406,1.3341,0.4143,0.689,1.196,0.7576,0.7998,1.1158,0.8232,1.5441,0.944,0.8238,0.3395,1.1758,1.4504,0.4887,0.8091,1.3626,0.3957,0.5714,0.4627,0.7902,0.4841,0.4182,0.2232,0.6785,0.7892,0.2429,0.3895,0.7162,0.6492,0.4519,0.9127,0.4864,0.4753,0.1863,0.7409,0.9511,0.294,0.4846,0.7743,0.8842,1.3177,0.9436,0.7862,0.2912,1.0531,1.4464,0.4794,0.7398,1.4587,0.9472,0.7629,0.5724,0.2152,0.7619,0.9829,0.3442,0.5215,1.0437,1.0048,0.921,0.3641,1.3189,1.7072,0.5556,0.872,1.5693,0.6077,0.2218,0.7877,1.0215,0.3818,0.581,1.11,0.2065,0.7534,0.9501,0.3991,0.5832,0.9235,0.3157,0.3875,0.1037,0.177,0.323,1.4538,0.4313,0.7565,1.2314,0.5396,0.9259,1.6748,0.4147,0.5745,0.8504
negative53.txt_gi|121948152|sp|Q0Z7S8.1,0.6151,0.6442,1.233,1.2408,0.3079,1.1715,1.7207,0.622,0.6657,1.2948,0.7152,1.8322,0.8459,0.6955,0.1966,1.2414,1.9289,0.3208,0.8022,1.7221,0.468,0.6916,0.6583,0.3287,0.6486,0.7915,0.4664,0.4162,0.7128,0.5702,0.8604,0.5804,0.488,0.2531,0.7318,0.8428,0.2348,0.4629,0.8393,0.6878,0.6152,0.2849,0.7503,0.8606,0.4192,0.5223,0.7087,0.5058,0.9897,0.5295,0.5173,0.1974,0.711,0.9196,0.3043,0.5691,0.8389,1.1115,0.3986,1.0236,1.2589,0.7429,0.7383,0.9414,0.7261,1.3202,0.7736,0.7268,0.3459,1.0886,1.2511,0.3822,0.7228,1.1273,0.3147,0.9774,1.3068,0.7203,0.6108,0.8525,0.6728,1.2259,0.7668,0.6952,0.3421,0.954,1.0133,0.3559,0.643,1.0332,0.4122,0.4662,0.2477,0.2969,0.5011,0.3484,0.5373,0.3555,0.3625,0.1272,0.4762,0.6182,0.1865,0.3139,0.588,1.3311,0.5974,0.7805,0.9858,0.7115,1.3904,0.7512,0.7543,0.2978,1.043,1.2946,0.385,0.729,1.2013,0.778,0.8674,1.1445,0.8438,1.6106,0.9374,0.8936,0.378,1.2231,1.4481,0.4709,0.88,1.406,0.404,0.555,0.4434,0.8026,0.4521,0.4285,0.2425,0.6899,0.7278,0.2177,0.406,0.676,0.664,0.462,0.9332,0.4774,0.5226,0.194,0.7236,0.9452,0.2767,0.5258,0.8004,0.8805,1.3097,0.9238,0.8162,0.2895,1.032,1.4042,0.4373,0.7661,1.4576,0.9491,0.7315,0.5894,0.225,0.763,0.9597,0.3227,0.5528,1.0267,0.9857,0.9674,0.3931,1.3158,1.6378,0.5135,0.9042,1.5639,0.6149,0.229,0.7755,0.9732,0.3475,0.5847,1.0665,0.2225,0.7696,0.9585,0.391,0.628,0.9575,0.3546,0.3675,0.0971,0.1931,0.3331,1.3974,0.4032,0.7863,1.2199,0.489,0.9672,1.6245,0.4148,0.5126,0.8934
negative53.txt_gi|124012089|sp|P83409.2,0.5852,0.621,1.1696,1.2469,0.3069,1.1726,1.6281,0.6391,0.6522,1.3549,0.7399,1.8583,0.8886,0.6954,0.1236,1.2411,1.9942,0.3757,0.7036,1.7176,0.4661,0.6485,0.6397,0.3187,0.6355,0.7557,0.4601,0.4131,0.727,0.5754,0.8494,0.5925,0.474,0.1926,0.71,0.8512,0.2636,0.4346,0.8372,0.6593,0.624,0.2735,0.7337,0.8104,0.4119,0.5076,0.7107,0.4985,0.987,0.5324,0.4988,0.1726,0.7175,0.9229,0.3177,0.5113,0.8094,1.087,0.3813,0.9924,1.1889,0.7299,0.7257,0.9494,0.7205,1.2778,0.7791,0.7066,0.2624,1.0572,1.2781,0.417,0.6943,1.105,0.319,1.0148,1.3076,0.7307,0.6465,0.9026,0.6926,1.2528,0.8016,0.7065,0.2789,0.9662,1.1208,0.3953,0.6417,1.0766,0.3891,0.4478,0.2554,0.2803,0.5033,0.3577,0.524,0.3721,0.3551,0.1031,0.4583,0.6115,0.2162,0.3019,0.5849,1.3058,0.6216,0.7583,0.9878,0.7086,1.4017,0.767,0.7395,0.2549,1.0497,1.3267,0.4222,0.6889,1.175,0.7725,0.815,1.1402,0.8344,1.5712,0.9523,0.8623,0.307,1.1841,1.454,0.4988,0.8044,1.3652,0.4242,0.582,0.4623,0.8167,0.4803,0.4439,0.2107,0.7025,0.803,0.2447,0.3936,0.7022,0.6685,0.4666,0.949,0.4929,0.5087,0.1684,0.751,0.9723,0.3033,0.49,0.7783,0.9118,1.35,0.9701,0.8251,0.2685,1.0682,1.4476,0.5058,0.7516,1.485,0.9658,0.764,0.5936,0.207,0.7661,0.9785,0.3505,0.5256,1.0469,1.0188,0.966,0.338,1.3305,1.7213,0.5697,0.8732,1.5677,0.6303,0.2136,0.786,1.0128,0.3862,0.5794,1.1138,0.1991,0.7733,0.9762,0.4228,0.5992,0.945,0.2903,0.3518,0.09,0.1544,0.2956,1.4503,0.4475,0.7519,1.2164,0.5622,0.9194,1.6231,0.4243,0.589,0.8411
negative53.txt_gi|124012090|sp|P81653.2,0.5752,0.6325,1.1758,1.2372,0.3023,1.2192,1.6101,0.589,0.7198,1.3323,0.726,1.8973,0.8767,0.6664,0.1314,1.2131,2.0134,0.3423,0.7304,1.7622,0.4586,0.6372,0.6209,0.3139,0.6331,0.7406,0.4435,0.4174,0.7074,0.566,0.8435,0.586,0.4542,0.1912,0.6894,0.8385,0.2315,0.4327,0.8323,0.679,0.6304,0.2738,0.7493,0.8139,0.3985,0.5377,0.7191,0.4977,1.0102,0.5386,0.4932,0.1826,0.7135,0.94,0.2998,0.5294,0.832,1.0844,0.3749,1.0256,1.1964,0.7039,0.7622,0.9559,0.7114,1.3018,0.773,0.6931,0.2677,1.0477,1.2885,0.4012,0.7149,1.1212,0.3009,1.0105,1.2841,0.6957,0.6586,0.9025,0.6831,1.2511,0.7939,0.677,0.2735,0.9384,1.0897,0.3838,0.6579,1.072,0.3978,0.4409,0.2431,0.2903,0.4905,0.3457,0.5257,0.3596,0.3432,0.1039,0.4568,0.6121,0.1823,0.3045,0.5836,1.3193,0.5948,0.8224,1.01,0.7112,1.4443,0.7803,0.7276,0.2714,1.0399,1.3562,0.3958,0.7043,1.2311,0.7288,0.8477,1.1302,0.8229,1.5847,0.9487,0.8301,0.317,1.153,1.4429,0.4632,0.8096,1.3765,0.4075,0.5681,0.4454,0.7765,0.4698,0.4019,0.1971,0.6618,0.7578,0.2139,0.3907,0.6836,0.7059,0.4662,1.003,0.5022,0.5162,0.1866,0.7663,1.0234,0.2959,0.5206,0.8347,0.8879,1.3675,0.9479,0.7974,0.2811,1.0582,1.4551,0.4616,0.7606,1.4884,0.9537,0.7516,0.5656,0.2048,0.7568,0.966,0.3239,0.5287,1.0383,1.0171,0.9472,0.352,1.3205,1.7451,0.54,0.9035,1.6119,0.6041,0.214,0.7848,1.01,0.3597,0.5872,1.1065,0.1954,0.748,0.9464,0.3949,0.6023,0.9261,0.2872,0.3648,0.09,0.1677,0.3123,1.4326,0.4174,0.7639,1.2236,0.5094,0.9413,1.6623,0.4132,0.5316,0.8618
negative53.txt_gi|109240371|dbj|BAE96121.1,1.3116,0.7522,1.3728,1.1365,0.2675,1.2386,1.3363,0.7779,0.5931,1.0451,0.7775,1.2104,0.7781,0.7247,0.4618,1.8224,1.7455,0.2967,0.8511,1.2258,0.81,1.126,1.0301,0.472,1.1281,1.1696,0.8674,0.7307,0.8905,0.816,1.1001,0.8637,0.7251,0.6813,1.4752,1.391,0.443,0.8074,1.0288,0.9104,0.7778,0.333,0.9173,0.917,0.6219,0.6003,0.6127,0.5487,0.9155,0.612,0.5443,0.4561,1.0503,0.9851,0.3533,0.6245,0.6874,1.184,0.4369,1.2123,1.2318,0.9249,0.8246,0.7897,0.7064,1.1953,0.7882,0.7084,0.6209,1.4633,1.3431,0.4639,0.8023,0.9146,0.3871,1.0774,1.1328,0.801,0.705,0.6709,0.6254,1.0588,0.6889,0.6168,0.5775,1.3199,1.1808,0.3947,0.6917,0.7915,0.4459,0.4529,0.3169,0.3007,0.4202,0.3722,0.4202,0.3715,0.3184,0.2445,0.5681,0.5467,0.194,0.3556,0.4609,1.251,0.8526,0.7854,0.7993,0.7353,1.1825,0.8134,0.7034,0.6334,1.4065,1.2981,0.4597,0.802,0.9084,0.8475,0.7949,0.8005,0.7396,1.2016,0.8192,0.6943,0.6481,1.4501,1.3221,0.4492,0.7917,0.9239,0.552,0.5643,0.5096,0.8424,0.5632,0.483,0.4817,1.0464,0.9551,0.3198,0.5487,0.6543,0.5686,0.5054,0.7559,0.5548,0.5239,0.3902,0.9176,0.8414,0.3545,0.615,0.6299,0.8613,0.7497,0.8532,0.7593,0.4276,1.0156,1.0835,0.4056,0.7621,1.1043,0.6865,0.7503,0.6475,0.4128,0.9258,0.9425,0.3536,0.6584,0.9235,0.765,0.679,0.6239,1.3924,1.2808,0.4367,0.7818,0.8643,0.6678,0.4368,0.9951,0.9934,0.3777,0.6844,0.9171,0.3517,0.8697,0.8697,0.4238,0.7499,0.7998,0.8093,0.7414,0.224,0.4026,0.4943,1.7038,0.5484,0.976,1.1668,0.5127,0.938,1.2359,0.4718,0.4298,0.8133
negative53.txt_gi|111379883|gb|ABH09421.1,1.4825,0.6694,1.3727,1.1707,0.2249,1.0757,1.4135,0.9092,0.4286,0.9805,0.9408,1.5697,0.6218,0.8081,0.5551,1.6947,1.8254,0.1674,0.8648,1.228,0.7613,1.1665,1.0157,0.4107,1.0543,1.2115,0.9288,0.5777,0.9644,0.9755,1.2221,0.8028,0.8172,0.6618,1.4583,1.5035,0.3316,0.8473,1.0977,0.8305,0.7067,0.257,0.7679,0.8406,0.6317,0.4542,0.5587,0.5712,0.9224,0.4854,0.505,0.4403,0.8961,0.9229,0.2123,0.5365,0.6777,1.1185,0.345,1.1216,1.3044,0.9629,0.6253,0.7378,0.7803,1.3322,0.6785,0.7319,0.6784,1.3616,1.2931,0.2936,0.7758,0.9522,0.308,0.9876,1.1574,0.8576,0.5523,0.6586,0.6658,1.1308,0.5783,0.6132,0.6126,1.206,1.1461,0.2532,0.6274,0.8629,0.3339,0.3598,0.2815,0.1855,0.3536,0.3293,0.3565,0.2665,0.2955,0.1795,0.4793,0.4759,0.1099,0.2937,0.392,1.1445,0.8543,0.5476,0.7124,0.7096,1.1883,0.6132,0.6405,0.5949,1.1943,1.1694,0.2518,0.6597,0.881,0.9419,0.6327,0.7828,0.7918,1.357,0.6919,0.7324,0.7308,1.3772,1.3241,0.2943,0.7879,0.9954,0.4436,0.5965,0.6196,0.989,0.5243,0.5447,0.501,1.0587,1.0453,0.2013,0.5305,0.7686,0.4593,0.4491,0.6414,0.366,0.4183,0.2937,0.6529,0.6674,0.1981,0.4739,0.5062,0.8981,0.8265,0.698,0.7185,0.3971,0.9925,1.0787,0.2865,0.7079,1.0014,0.8686,0.7083,0.7477,0.4061,0.9979,1.0768,0.2943,0.7194,0.9508,0.7555,0.774,0.7266,1.4077,1.4322,0.2943,0.7933,1.0264,0.6071,0.3894,0.8645,0.9199,0.237,0.591,0.7841,0.3606,0.8798,0.9548,0.3062,0.7665,0.8562,0.7729,0.7413,0.1416,0.3973,0.5278,1.6259,0.3499,0.8998,1.1645,0.381,0.9679,1.2792,0.3448,0.3261,0.8218
negative53.txt_gi|111379891|gb|ABH09425.1,1.1073,0.7399,1.2902,1.1072,0.2942,1.4316,1.6492,0.6612,0.7748,0.9538,0.7997,1.3406,0.7982,0.957,0.4344,1.6815,1.4551,0.3816,0.9447,0.9605,0.7739,1.0342,0.9329,0.4718,1.1009,1.1646,0.7482,0.7677,0.8087,0.7472,1.0794,0.8138,0.8164,0.5927,1.3108,1.2023,0.4874,0.8149,0.8577,0.8758,0.7839,0.3316,0.9821,1.0194,0.5467,0.6918,0.5507,0.5397,0.979,0.5969,0.6455,0.4208,0.9809,0.8858,0.4134,0.6757,0.5845,1.147,0.4212,1.2536,1.3616,0.7904,0.8957,0.6832,0.6438,1.209,0.7322,0.7666,0.5705,1.3676,1.1816,0.4905,0.8177,0.7395,0.3794,1.1402,1.279,0.7138,0.7955,0.5894,0.566,1.0876,0.6448,0.6806,0.5435,1.2477,1.0595,0.4357,0.7261,0.6392,0.4695,0.4957,0.3045,0.3337,0.4098,0.3744,0.4607,0.3977,0.3908,0.2402,0.5697,0.5474,0.2351,0.3926,0.4334,1.4859,0.8333,0.9477,0.7584,0.7374,1.3445,0.8198,0.851,0.6334,1.3963,1.2218,0.5362,0.8877,0.8049,0.8723,1.0041,0.763,0.7344,1.4057,0.8295,0.8704,0.6952,1.5115,1.2921,0.5548,0.9191,0.8173,0.5466,0.4818,0.4507,0.7793,0.5093,0.4944,0.4292,0.924,0.7918,0.3145,0.5161,0.5217,0.5582,0.5502,0.9195,0.6088,0.7029,0.4126,0.9996,0.8902,0.4739,0.7631,0.5881,0.8394,0.7625,0.8361,0.8241,0.3836,0.9166,0.9609,0.427,0.7504,0.9434,0.7233,0.7846,0.7908,0.3635,0.8528,0.881,0.4278,0.7331,0.832,0.8062,0.8509,0.6009,1.3703,1.2183,0.5321,0.8857,0.8064,0.8015,0.4031,0.9463,0.9495,0.4483,0.7583,0.8394,0.3816,0.9731,0.9658,0.5663,0.9219,0.8224,0.7438,0.6465,0.2316,0.389,0.4067,1.4955,0.6033,1.0076,0.9818,0.5761,0.9641,1.016,0.5855,0.4413,0.7629
negative53.txt_gi|111379909|gb|ABH09434.1,1.1457,0.7865,1.4647,0.9614,0.3521,1.3789,1.3182,0.8628,0.6292,0.8666,0.77,1.3149,0.8506,0.6979,0.4448,1.876,1.5535,0.2926,0.7211,0.9745,0.8044,1.1372,0.9037,0.5015,1.1254,1.0805,0.8354,0.7405,0.8191,0.7793,1.085,0.8609,0.7083,0.5992,1.4028,1.2617,0.4323,0.7421,0.9162,0.9598,0.7403,0.3797,0.9952,0.9385,0.6096,0.6204,0.6107,0.589,0.9915,0.6732,0.5252,0.4604,1.0741,0.9414,0.3209,0.5693,0.6653,1.1427,0.516,1.3282,1.2777,0.9799,0.8738,0.7871,0.7405,1.2729,0.8491,0.7078,0.6446,1.573,1.345,0.438,0.7621,0.8709,0.4108,1.0568,1.0557,0.7308,0.6854,0.6118,0.5837,0.9932,0.6702,0.5697,0.5102,1.2502,1.0596,0.3473,0.6029,0.6851,0.5197,0.4959,0.3333,0.3489,0.4401,0.4144,0.482,0.4409,0.372,0.2519,0.6202,0.5941,0.2181,0.3867,0.4676,1.3034,0.867,0.8464,0.8148,0.7829,1.3101,0.8901,0.7067,0.649,1.4995,1.324,0.4407,0.7775,0.9009,0.8103,0.8111,0.7719,0.7402,1.239,0.8546,0.694,0.6422,1.4463,1.2733,0.4211,0.7496,0.8556,0.5686,0.5197,0.4871,0.8583,0.5565,0.4716,0.4924,1.0991,0.9332,0.2926,0.5066,0.5842,0.561,0.5386,0.806,0.6022,0.5325,0.3942,0.9788,0.8544,0.3469,0.5946,0.6135,0.7879,0.7945,0.8113,0.6797,0.3996,0.9765,0.9635,0.3738,0.6685,0.8995,0.7462,0.7879,0.6579,0.3785,0.9265,0.9032,0.3751,0.646,0.8211,0.8539,0.6768,0.6355,1.4425,1.2593,0.4133,0.7404,0.873,0.6872,0.4248,1.045,0.9999,0.3981,0.6849,0.8565,0.3368,0.8771,0.8141,0.4198,0.6814,0.7043,0.7563,0.6741,0.204,0.3633,0.4505,1.6392,0.531,0.9196,1.0875,0.4828,0.8493,1.0726,0.4392,0.3925,0.705
negative53.txt_gi|111379919|gb|ABH09439.1,1.2155,0.8094,1.3669,0.9184,0.3514,1.224,1.2587,0.7977,0.6341,1.1028,1.0548,1.3325,1.0986,0.7812,0.5276,1.7737,1.6784,0.2745,0.8265,1.1088,0.8656,1.1855,0.9366,0.5821,1.1299,1.1255,0.8591,0.7599,0.9805,0.9725,1.1358,1.0333,0.7859,0.677,1.4158,1.3624,0.4473,0.8286,1.038,0.9789,0.7341,0.3986,0.9578,0.9361,0.6369,0.6439,0.7022,0.7285,1.0062,0.7913,0.5867,0.5023,1.069,1.0037,0.33,0.64,0.7312,1.0663,0.5533,1.2437,1.2612,0.9159,0.8481,0.9131,0.9116,1.2654,0.9905,0.7475,0.6961,1.4932,1.3828,0.4347,0.8234,0.9743,0.4386,0.9655,1.0255,0.7385,0.6453,0.6858,0.6875,0.9896,0.7488,0.5645,0.5845,1.1727,1.0692,0.3336,0.6161,0.7444,0.5177,0.5218,0.399,0.3549,0.5216,0.5111,0.5038,0.5315,0.3994,0.3175,0.6879,0.6787,0.2206,0.4088,0.5423,1.2048,0.8246,0.8213,0.8788,0.8933,1.231,0.9772,0.7409,0.6695,1.3879,1.2884,0.4329,0.8256,0.9311,0.8449,0.796,0.8661,0.8689,1.2302,0.949,0.7142,0.7,1.4034,1.2855,0.4129,0.7896,0.9153,0.5741,0.6337,0.651,0.8612,0.703,0.5309,0.5216,1.0406,0.9636,0.3112,0.575,0.6708,0.608,0.6207,0.8166,0.6789,0.5732,0.4254,0.9231,0.8666,0.3371,0.6426,0.6434,1.0418,0.8907,1.0407,0.821,0.5216,1.1039,1.145,0.4177,0.7804,1.0774,0.9214,1.0549,0.8291,0.5181,1.0979,1.1407,0.427,0.7938,1.0273,0.9976,0.7518,0.6836,1.4027,1.3176,0.4322,0.8237,0.9215,0.8333,0.5621,1.1777,1.1924,0.443,0.8206,1.0426,0.3866,0.8847,0.9012,0.4348,0.7733,0.8032,0.8423,0.767,0.2261,0.4328,0.5502,1.6656,0.5166,0.9674,1.1787,0.5112,0.9586,1.2203,0.4527,0.4172,0.7866
negative53.txt_gi|111379929|gb|ABH09444.1,1.176,0.7165,1.4065,1.1324,0.2371,1.2015,1.4809,0.8649,0.5204,1.0042,0.9643,1.6065,0.8426,0.7013,0.5353,1.9622,1.7733,0.2211,0.761,1.1037,0.7459,1.0396,0.9348,0.4076,1.0641,1.1438,0.8189,0.6303,0.8616,0.8581,1.1649,0.8618,0.7027,0.6009,1.4032,1.3007,0.348,0.7302,0.9535,0.8694,0.755,0.2784,0.849,0.9136,0.5663,0.5193,0.5991,0.5928,0.9893,0.5862,0.479,0.4685,1.0122,0.9815,0.2405,0.495,0.635,1.1605,0.3597,1.155,1.2955,0.9548,0.7335,0.7788,0.758,1.3544,0.7928,0.7019,0.6315,1.4971,1.3945,0.3523,0.7618,0.8399,0.3137,1.0376,1.1933,0.8115,0.6279,0.6473,0.654,1.1736,0.6928,0.5791,0.6048,1.3476,1.216,0.2943,0.6272,0.7194,0.3857,0.3915,0.2841,0.2306,0.3727,0.3506,0.3983,0.352,0.2883,0.2039,0.5008,0.5009,0.1403,0.2862,0.3943,1.255,0.8288,0.6882,0.7693,0.7777,1.2948,0.8026,0.6527,0.6321,1.4063,1.2938,0.3409,0.6908,0.8595,0.9174,0.7404,0.8277,0.8067,1.3918,0.8392,0.7047,0.686,1.5307,1.4427,0.3582,0.7583,0.8973,0.4884,0.5533,0.5583,0.9397,0.6051,0.5208,0.4461,1.106,1.0015,0.2607,0.5464,0.6118,0.4982,0.5246,0.7756,0.5114,0.4663,0.341,0.8303,0.8151,0.251,0.5241,0.5464,0.9131,0.8575,0.8448,0.701,0.423,1.0208,1.064,0.3327,0.6734,1.0047,0.855,0.8394,0.7034,0.4049,1.005,1.037,0.3466,0.676,0.9533,0.854,0.7223,0.7439,1.5287,1.4706,0.3569,0.7611,0.9284,0.6522,0.4351,1.0467,1.0334,0.3204,0.6408,0.8831,0.342,0.8732,0.8871,0.3438,0.6832,0.7419,0.8178,0.7219,0.1584,0.3291,0.4662,1.7227,0.4407,0.9274,1.1311,0.435,0.9271,1.1492,0.3673,0.3501,0.7203
negative53.txt_gi|116267203|gb|ABJ96356.1,1.2229,0.9563,1.4204,0.9656,0.3243,1.4061,1.3907,0.6099,0.5956,0.9515,0.8014,1.4029,0.8784,0.7018,0.4437,2.0754,1.8749,0.2823,0.672,1.1491,0.9483,1.1879,0.9379,0.5694,1.2012,1.1765,0.7689,0.7444,0.9308,0.8413,1.1824,0.9346,0.7357,0.6636,1.5416,1.4495,0.4402,0.7373,1.0639,1.0744,0.8478,0.4298,1.1138,1.0877,0.6247,0.6937,0.7031,0.638,1.1414,0.7502,0.5941,0.5593,1.2759,1.1329,0.375,0.628,0.7999,1.1359,0.5279,1.3522,1.3442,0.8149,0.8725,0.8718,0.7861,1.3397,0.909,0.7581,0.68,1.633,1.4822,0.4792,0.7901,0.9926,0.4079,1.0978,1.1228,0.6364,0.7027,0.7115,0.6368,1.0706,0.7299,0.624,0.5541,1.3075,1.1756,0.3942,0.6429,0.7992,0.5459,0.5226,0.3317,0.3388,0.4804,0.4403,0.523,0.4766,0.358,0.3054,0.7019,0.694,0.213,0.3481,0.548,1.3796,0.7692,0.8616,0.9097,0.8185,1.3735,0.9526,0.7667,0.7032,1.627,1.472,0.4731,0.7915,1.0331,0.7514,0.8543,0.8901,0.7982,1.3526,0.9269,0.7631,0.6987,1.6119,1.446,0.4732,0.7879,1.0066,0.4983,0.5397,0.492,0.7863,0.5496,0.4547,0.4125,0.9946,0.8913,0.29,0.4687,0.6123,0.5768,0.5279,0.8526,0.6005,0.5362,0.424,0.9985,0.8949,0.3464,0.5629,0.6497,0.8574,0.8533,0.8885,0.7227,0.4662,1.1287,1.1474,0.4054,0.6617,1.0345,0.7753,0.8223,0.6659,0.4192,1.0128,1.0221,0.3745,0.6064,0.9305,0.9102,0.7343,0.7003,1.6044,1.4238,0.4583,0.7723,0.9693,0.7042,0.4886,1.1588,1.1371,0.4059,0.6613,0.9748,0.3706,0.9465,0.9158,0.4219,0.67,0.7714,0.8757,0.79,0.2397,0.3887,0.5387,1.9149,0.5774,0.9659,1.2896,0.5378,0.9054,1.3091,0.4247,0.4357,0.7166
negative53.txt_gi|116267205|gb|ABJ96357.1,1.2535,0.5918,1.7378,1.1469,0.3232,1.028,1.3641,0.6035,0.5512,1.0833,0.9662,1.8225,0.6442,1.0112,0.9277,1.8524,1.8021,0.3522,1.023,1.3453,0.6823,1.206,0.9394,0.4463,0.9239,1.0845,0.7116,0.6336,0.8914,0.8826,1.2004,0.7333,0.8364,0.7963,1.3771,1.2973,0.47,0.8775,1.0573,0.8382,0.6387,0.2578,0.6871,0.7467,0.4568,0.4834,0.5872,0.5922,0.9363,0.4809,0.5934,0.5002,0.9029,0.8698,0.3173,0.5948,0.701,1.252,0.4315,1.1758,1.3826,0.8812,0.8065,1.0166,1.0097,1.5653,0.8374,0.9726,0.9339,1.6371,1.5251,0.5111,1.032,1.1902,0.3523,0.9038,1.11,0.6811,0.6114,0.7632,0.7437,1.216,0.6551,0.7483,0.7819,1.29,1.1833,0.3965,0.7586,0.9085,0.3639,0.4065,0.28,0.2387,0.3809,0.3401,0.428,0.2851,0.3263,0.2858,0.534,0.5353,0.177,0.3727,0.4479,1.0934,0.6813,0.6381,0.751,0.7481,1.231,0.6527,0.7537,0.7163,1.2398,1.189,0.3991,0.7637,0.9329,0.7892,0.7122,0.8601,0.8405,1.4234,0.7509,0.8769,0.8687,1.4265,1.3931,0.4478,0.9091,1.085,0.4308,0.5565,0.5586,0.874,0.4839,0.5466,0.5567,0.9154,0.8485,0.2874,0.565,0.6622,0.5313,0.5327,0.8396,0.4512,0.5798,0.4618,0.8434,0.7645,0.3121,0.6289,0.6232,0.9456,0.9848,0.7436,0.8337,0.5663,1.0425,1.0836,0.4287,0.8256,1.1179,0.9995,0.7323,0.8374,0.5912,1.042,1.0626,0.4123,0.7956,1.0439,0.8705,1.059,0.9547,1.6025,1.5213,0.5333,1.0003,1.2062,0.6893,0.5542,0.893,0.9048,0.3291,0.6531,0.8639,0.6609,1.0231,1.0051,0.4861,0.8928,0.9749,1.0329,0.9358,0.3415,0.6203,0.7346,1.6727,0.5737,1.0916,1.2586,0.5214,1.0731,1.3404,0.4818,0.4703,0.9288
negative53.txt_gi|149689018|gb|ABR27824.1,1.3647,0.8045,1.3486,1.3621,0.3967,1.1874,1.4322,0.7928,0.4735,0.9583,0.9294,1.5832,0.7242,0.8188,0.658,1.9139,1.6247,0.254,0.8235,1.0926,0.8315,1.0646,1.0621,0.5515,1.0642,1.1841,0.8512,0.6673,0.9387,0.9229,1.2122,0.8513,0.8422,0.6991,1.4684,1.3067,0.4139,0.8534,1.0733,0.8806,0.8561,0.3569,0.902,0.9694,0.5945,0.5274,0.5847,0.6283,1.0386,0.5761,0.5813,0.5123,1.0776,0.972,0.2862,0.6041,0.6624,1.2619,0.4873,1.1248,1.2778,0.8629,0.6621,0.6982,0.7382,1.2814,0.7038,0.778,0.6904,1.4235,1.2125,0.4021,0.7954,0.8043,0.4789,1.1175,1.2871,0.8784,0.6279,0.6672,0.7133,1.2647,0.6692,0.7183,0.7257,1.4437,1.2169,0.3573,0.721,0.7863,0.4772,0.5138,0.3856,0.299,0.436,0.4265,0.4806,0.3851,0.3885,0.265,0.6481,0.5943,0.1941,0.4134,0.4836,1.2398,0.8065,0.634,0.715,0.7754,1.2793,0.7224,0.7269,0.6766,1.3827,1.223,0.3559,0.7242,0.8398,0.9059,0.6984,0.7882,0.8343,1.4041,0.7883,0.8102,0.7877,1.5446,1.3488,0.4029,0.813,0.923,0.486,0.5421,0.5861,0.9138,0.5349,0.5721,0.535,1.0404,0.8757,0.2718,0.556,0.6155,0.464,0.4716,0.7256,0.4542,0.5066,0.3494,0.8237,0.7163,0.2812,0.5495,0.5288,0.8901,0.7967,0.7769,0.7391,0.4555,1.0029,1.0328,0.327,0.6681,0.9598,0.8661,0.7565,0.7423,0.4778,1.0273,1.0453,0.3227,0.6569,0.9146,0.8335,0.8383,0.7875,1.5551,1.3759,0.4054,0.8359,0.9218,0.681,0.4549,0.9583,0.956,0.3146,0.6159,0.8165,0.4358,0.9805,0.9621,0.3942,0.744,0.8001,0.8911,0.792,0.2003,0.4039,0.5254,1.6194,0.4863,0.9922,1.1686,0.4691,0.9365,1.1897,0.4165,0.379,0.7692
negative53.txt_gi|149689020|gb|ABR27825.1,0.9753,0.6319,1.214,0.9247,0.2926,1.3957,1.393,0.7342,0.5056,1.1432,0.9257,1.3117,0.8618,0.8492,0.6674,1.6895,1.69,0.2542,0.731,1.2516,0.6804,0.9026,0.7991,0.4165,1.0546,1.0239,0.7083,0.5925,0.8848,0.7838,1,0.809,0.7397,0.6285,1.184,1.1406,0.3657,0.6757,0.9527,0.7537,0.6509,0.3174,0.881,0.8524,0.5513,0.4772,0.6457,0.5771,0.8655,0.5991,0.5369,0.4886,0.8998,0.8745,0.2911,0.5078,0.71,0.9904,0.3987,1.1796,1.1638,0.8304,0.6851,0.8089,0.7282,1.126,0.7675,0.7075,0.6611,1.2962,1.1464,0.3699,0.668,0.8841,0.3402,1.0131,1.0472,0.6978,0.5915,0.7297,0.6386,0.9901,0.6798,0.6298,0.5806,1.0902,0.9912,0.3291,0.5919,0.8094,0.4739,0.4299,0.3087,0.2704,0.4309,0.373,0.4626,0.3742,0.3461,0.2806,0.5311,0.5226,0.1718,0.3166,0.4624,1.3274,0.8788,0.7406,0.9325,0.8402,1.2939,0.8947,0.7977,0.7782,1.3895,1.3001,0.4162,0.7533,1.0324,0.8624,0.7453,0.8964,0.8054,1.2818,0.8617,0.7497,0.7978,1.3509,1.2428,0.3933,0.711,1.0057,0.4932,0.634,0.5593,0.8433,0.5826,0.5229,0.5117,0.9511,0.8628,0.2538,0.4806,0.6942,0.5789,0.5209,0.7125,0.5279,0.521,0.4337,0.7964,0.7488,0.2805,0.5261,0.6215,0.985,0.9225,0.9357,0.8528,0.5357,1.0738,1.1564,0.4156,0.7651,1.1549,0.8192,0.853,0.7937,0.4923,0.9628,1.0528,0.3868,0.7134,1.0019,0.8689,0.7679,0.7325,1.3504,1.2719,0.3959,0.7197,1.0126,0.7527,0.5299,1.004,1.054,0.3639,0.667,0.9679,0.4536,0.9194,0.9927,0.4111,0.7439,0.8851,0.8049,0.7801,0.2221,0.419,0.6367,1.5696,0.4548,0.839,1.176,0.4766,0.8853,1.2634,0.3954,0.4362,0.7961
negative53.txt_gi|149689050|gb|ABR27840.1,1.4087,0.6552,1.34,1.3172,0.3258,1.1515,1.3859,0.8495,0.4897,0.9551,0.8076,1.3475,0.6609,0.7844,0.4044,1.9023,2.0209,0.2407,0.8526,0.976,0.7719,1.1168,1.112,0.4727,1.0661,1.1808,0.9088,0.6393,0.8994,0.8191,1.1397,0.7966,0.7922,0.6103,1.5435,1.5135,0.4015,0.8278,0.9796,0.8336,0.7711,0.2907,0.811,0.8289,0.5736,0.4858,0.5209,0.5077,0.8972,0.4925,0.5013,0.3938,0.9835,1.0097,0.2562,0.5369,0.5581,1.2466,0.4233,1.133,1.2722,0.9139,0.6852,0.712,0.6864,1.2312,0.6772,0.7057,0.6032,1.4683,1.4272,0.3638,0.7714,0.7821,0.3731,1.0791,1.2675,0.8797,0.6496,0.6646,0.6283,1.1589,0.6369,0.6544,0.5978,1.4177,1.374,0.3506,0.7355,0.7534,0.4144,0.4464,0.3009,0.2528,0.4151,0.3939,0.4085,0.3586,0.3374,0.2014,0.575,0.6211,0.1574,0.3509,0.4275,1.1916,0.8149,0.6638,0.7412,0.7045,1.1861,0.688,0.6719,0.5751,1.3335,1.3737,0.3597,0.7337,0.7899,0.8951,0.7004,0.7769,0.7158,1.2516,0.7142,0.7039,0.6421,1.4873,1.4943,0.3726,0.7827,0.8375,0.4491,0.5182,0.4958,0.875,0.489,0.4483,0.488,1.0839,1.0531,0.239,0.484,0.5934,0.4707,0.4366,0.7039,0.4283,0.4852,0.3148,0.8027,0.8325,0.28,0.5559,0.5026,0.8304,0.7561,0.749,0.7158,0.3796,0.9993,1.1179,0.3205,0.6967,0.9173,0.7063,0.7048,0.6537,0.3526,0.9322,1.0282,0.2981,0.6374,0.8144,0.6983,0.7101,0.615,1.4361,1.4353,0.3726,0.7699,0.7868,0.6214,0.3487,0.9127,0.9953,0.2956,0.6224,0.7498,0.3108,0.9267,0.9616,0.3832,0.781,0.7476,0.7252,0.7111,0.1652,0.3457,0.4096,1.8466,0.472,0.9874,1.0968,0.464,1.0098,1.2059,0.4121,0.3424,0.7385
negative53.txt_gi|149689068|gb|ABR27850.1,1.3441,0.7548,1.3115,1.1051,0.2651,1.238,1.4865,0.8122,0.6446,0.9965,0.9474,1.611,0.8103,0.8962,0.6735,1.672,1.3394,0.2914,0.8235,1.1282,0.8172,1.079,0.9933,0.4802,1.0683,1.1881,0.8637,0.7202,0.9716,0.9405,1.1916,0.8974,0.8817,0.7537,1.3698,1.2182,0.4432,0.8489,1.097,0.8719,0.7596,0.3287,0.9085,0.9684,0.5937,0.5666,0.6173,0.625,1.0415,0.6217,0.5645,0.5645,1.0185,0.8676,0.313,0.5669,0.6975,1.1221,0.3934,1.1714,1.2792,0.8885,0.7902,0.7465,0.7744,1.309,0.7692,0.7404,0.7421,1.3625,1.1143,0.3991,0.7393,0.8687,0.3467,1.0277,1.1726,0.8024,0.7195,0.6744,0.6928,1.141,0.695,0.6817,0.6842,1.234,1.0108,0.3726,0.6872,0.8117,0.4238,0.4596,0.3008,0.2807,0.416,0.3954,0.4617,0.3663,0.3488,0.2686,0.5264,0.4879,0.1724,0.3346,0.4381,1.2962,0.8187,0.7491,0.7967,0.8147,1.3429,0.8073,0.7616,0.7298,1.3084,1.1193,0.402,0.7409,0.8974,0.9004,0.8224,0.8585,0.8737,1.42,0.8583,0.7869,0.8417,1.4443,1.1977,0.4123,0.7778,0.9831,0.6081,0.5874,0.6194,0.936,0.5898,0.619,0.5621,0.9745,0.8258,0.3287,0.584,0.6849,0.5496,0.599,0.8616,0.5586,0.5961,0.4742,0.8671,0.7494,0.3398,0.6087,0.6245,0.9021,0.8635,0.8306,0.7926,0.5149,0.9907,0.9727,0.395,0.7281,1.0141,0.8834,0.8291,0.7912,0.5216,0.9957,0.9446,0.4043,0.7254,0.9524,0.8891,0.8724,0.8243,1.4803,1.2547,0.4625,0.836,0.971,0.7398,0.5107,0.976,0.9211,0.3781,0.6816,0.9005,0.4799,0.9393,0.8885,0.4633,0.8002,0.8466,0.8941,0.7493,0.2636,0.4554,0.6185,1.4031,0.4974,0.9071,1.1362,0.4713,0.8613,1.0885,0.4459,0.4381,0.8032
negative53.txt_gi|149689078|gb|ABR27870.1,1.2135,0.7402,1.3194,1.1211,0.2713,1.2133,1.3697,0.7742,0.5003,0.9269,0.7746,1.5926,0.7202,0.6439,0.4974,1.9878,1.6264,0.2248,0.7009,1.1151,0.7828,1.1159,1.0031,0.4405,1.0794,1.1318,0.8127,0.6503,0.8445,0.7873,1.1817,0.8127,0.7076,0.6198,1.4628,1.2725,0.3843,0.7476,0.9821,0.8599,0.7438,0.2861,0.8823,0.8989,0.5928,0.5316,0.5488,0.5201,1.0348,0.5448,0.4793,0.4404,1.0912,0.959,0.2706,0.5398,0.6194,1.1554,0.4023,1.1603,1.254,0.8741,0.7304,0.7399,0.681,1.2794,0.7338,0.6492,0.6282,1.5118,1.2906,0.383,0.7444,0.8514,0.335,1.0288,1.1559,0.7824,0.6244,0.6531,0.5926,1.1227,0.6434,0.5834,0.5957,1.3626,1.1514,0.3387,0.6531,0.7503,0.3988,0.4023,0.2769,0.2571,0.3976,0.37,0.41,0.3543,0.3108,0.2025,0.5442,0.5031,0.1594,0.32,0.4485,1.2372,0.8196,0.7103,0.7348,0.6822,1.3112,0.7276,0.6391,0.6242,1.4526,1.2555,0.368,0.7309,0.8421,0.8461,0.7245,0.741,0.6797,1.3724,0.733,0.6583,0.6783,1.5367,1.2993,0.3773,0.7545,0.8592,0.4918,0.4907,0.4694,0.9121,0.5077,0.4466,0.4631,1.0367,0.8656,0.2613,0.5,0.5655,0.4826,0.4548,0.7814,0.4751,0.4495,0.3403,0.8748,0.7687,0.2732,0.5242,0.536,0.8138,0.7875,0.7705,0.6707,0.3904,1.0139,0.9874,0.3193,0.632,0.991,0.7351,0.7216,0.6312,0.3629,0.9558,0.9114,0.3148,0.6023,0.8712,0.7862,0.697,0.6946,1.5943,1.3493,0.3962,0.7935,0.8908,0.6135,0.3841,0.9951,0.9278,0.3125,0.602,0.8341,0.318,0.8949,0.7978,0.339,0.6376,0.7112,0.8242,0.7214,0.1856,0.3574,0.4546,1.6955,0.493,0.9755,1.1572,0.4319,0.8663,1.1317,0.3695,0.3406,0.6846
negative53.txt_gi|149689138|gb|ABR27917.1,1.4494,0.7044,1.2135,1.3409,0.2787,1.1021,1.2901,0.993,0.4712,0.8519,0.8925,1.7046,0.722,0.9195,0.6652,1.7883,2.0079,0.2582,1.0635,1.076,0.7908,1.0546,1.0946,0.4676,1.0774,1.1798,0.9825,0.6567,0.9026,0.9544,1.3334,0.8456,0.87,0.7403,1.4969,1.5426,0.3994,0.9113,1.0925,0.7599,0.7162,0.2763,0.7841,0.7896,0.5812,0.453,0.5228,0.5648,0.9924,0.5187,0.5211,0.4445,0.9551,0.9737,0.2555,0.5766,0.6038,1.1656,0.3611,1.0212,1.1234,0.9137,0.6109,0.6366,0.7027,1.247,0.649,0.7571,0.6845,1.3176,1.3246,0.3844,0.8381,0.8004,0.344,0.9977,1.1807,0.9441,0.5972,0.6072,0.7025,1.1972,0.6309,0.7041,0.7467,1.3241,1.3364,0.3616,0.7684,0.7823,0.364,0.3814,0.2988,0.2473,0.3545,0.3697,0.4202,0.3262,0.3448,0.2293,0.5199,0.5613,0.1671,0.3895,0.415,1.1033,0.8531,0.5823,0.6709,0.7406,1.2654,0.6881,0.6963,0.6376,1.2742,1.2736,0.3428,0.7883,0.8391,0.9802,0.6196,0.6876,0.7848,1.3453,0.7133,0.716,0.7587,1.4006,1.3955,0.3587,0.8009,0.8726,0.4873,0.5513,0.627,1.0603,0.5787,0.5566,0.573,1.1243,1.0961,0.2805,0.6106,0.7172,0.4297,0.4991,0.697,0.4458,0.5312,0.3515,0.7869,0.7994,0.2736,0.5941,0.5182,0.8008,0.7994,0.7004,0.7068,0.4121,0.9516,1.0471,0.2876,0.6794,0.8914,0.8934,0.744,0.7761,0.4696,1.0408,1.1429,0.3301,0.7629,0.8833,0.8448,0.8054,0.8307,1.5466,1.5634,0.3873,0.92,0.9871,0.6818,0.4068,0.9064,0.996,0.3078,0.7047,0.7837,0.4263,0.9874,1.0698,0.42,0.9181,0.801,0.8651,0.8998,0.1839,0.4639,0.5347,1.7737,0.4624,1.0534,1.1518,0.5026,1.1362,1.2752,0.4781,0.3623,0.8352
negative53.txt_gi|149689152|gb|ABR27928.1,1.1849,0.7348,1.3103,1.3363,0.2971,1.3106,1.7686,0.8229,0.5139,0.9519,0.8236,1.7079,0.6985,0.7141,0.3362,1.9121,1.6377,0.2214,0.786,0.9263,0.7867,1.0696,1.0566,0.4697,1.1133,1.269,0.8345,0.6646,0.7955,0.7401,1.2144,0.7538,0.6986,0.5316,1.4318,1.2933,0.3663,0.7574,0.8613,0.8322,0.8162,0.3133,0.9093,1.008,0.5949,0.5429,0.5671,0.5326,1.07,0.5325,0.5205,0.3875,1.0513,0.9382,0.2735,0.5576,0.5869,1.2157,0.3862,1.2048,1.4007,0.8569,0.7161,0.6556,0.6078,1.3179,0.6317,0.6428,0.5377,1.4489,1.2516,0.355,0.7358,0.7005,0.3771,1.1779,1.4467,0.8898,0.6997,0.6573,0.6281,1.2599,0.6323,0.6197,0.5538,1.4385,1.2251,0.337,0.691,0.7183,0.4202,0.4821,0.3247,0.2685,0.4103,0.3757,0.4492,0.3646,0.3277,0.1961,0.5815,0.556,0.1621,0.3437,0.4178,1.4408,0.8845,0.7348,0.7295,0.6903,1.4149,0.7019,0.6774,0.5521,1.4671,1.2671,0.3718,0.7509,0.7757,1.028,0.8243,0.8145,0.7408,1.5687,0.7788,0.7258,0.6808,1.6816,1.4607,0.4013,0.8078,0.8544,0.5056,0.5423,0.5131,0.9425,0.5142,0.4834,0.3914,1.0576,0.9169,0.2741,0.5276,0.5785,0.4887,0.4806,0.805,0.4597,0.4881,0.3117,0.862,0.772,0.2819,0.5539,0.5114,0.8462,0.7768,0.7805,0.6694,0.3321,0.9758,1.0087,0.3033,0.6453,0.91,0.7313,0.736,0.6622,0.3076,0.9112,0.9379,0.3101,0.6398,0.8236,0.7508,0.7704,0.6154,1.5863,1.3798,0.4136,0.8387,0.8243,0.6066,0.3295,0.9283,0.9365,0.2876,0.5973,0.7684,0.2803,0.8637,0.8588,0.3621,0.7183,0.6729,0.6846,0.6108,0.15,0.3071,0.3511,1.691,0.4603,0.9418,1.0401,0.4371,0.9003,1.0551,0.3947,0.3122,0.669
negative53.txt_gi|149689176|gb|ABR27947.1,1.1809,0.78,1.2573,1.2017,0.2907,1.2692,1.652,0.8693,0.6398,1.0695,0.9145,1.6607,0.7435,0.9481,0.5942,1.7925,1.6177,0.2674,0.8896,1.3132,0.8225,1.0574,0.9939,0.446,1.0877,1.241,0.8067,0.72,0.8907,0.8568,1.1983,0.7987,0.8351,0.666,1.3492,1.2296,0.4129,0.8204,1.0387,0.8908,0.8153,0.3361,0.9376,1.0189,0.6446,0.6149,0.6412,0.6391,1.0734,0.6042,0.6259,0.5235,1.0459,0.9867,0.3118,0.621,0.7356,1.1424,0.3994,1.1794,1.3417,0.9105,0.7698,0.7665,0.7663,1.3237,0.7096,0.7714,0.6912,1.3646,1.235,0.3784,0.7706,0.9066,0.3793,1.0863,1.2889,0.8152,0.7245,0.7011,0.7135,1.2212,0.6615,0.7363,0.6836,1.3071,1.1299,0.3546,0.729,0.8331,0.4405,0.4669,0.3436,0.2933,0.4198,0.3804,0.4524,0.3597,0.3732,0.241,0.5444,0.5042,0.1912,0.3743,0.4847,1.3711,0.9064,0.7869,0.8511,0.8246,1.3743,0.7868,0.8046,0.7028,1.3613,1.2439,0.3933,0.803,0.9718,0.9923,0.8893,0.9158,0.8988,1.5282,0.838,0.8956,0.8109,1.5535,1.4006,0.4313,0.9011,1.0799,0.5613,0.6433,0.6011,0.9818,0.5775,0.5836,0.5509,1.0188,0.8767,0.284,0.5932,0.7544,0.5776,0.5967,0.8722,0.5379,0.6386,0.4334,0.8825,0.822,0.3298,0.6438,0.6756,0.9243,0.931,0.8156,0.8309,0.4739,1.0496,1.0737,0.3809,0.7848,1.1192,0.9144,0.7734,0.8246,0.4462,0.9934,1.0103,0.3809,0.7679,1.0161,0.861,0.9238,0.7888,1.5402,1.4086,0.4264,0.8935,1.0798,0.721,0.4572,0.9222,0.8946,0.3499,0.6759,0.8995,0.4362,1,0.9776,0.452,0.8695,0.9651,0.8556,0.7481,0.2177,0.4449,0.5425,1.5661,0.4847,1.0067,1.1919,0.4604,0.9316,1.2312,0.4516,0.439,0.8958
negative53.txt_gi|149689186|gb|ABR27959.1,1.1982,0.8723,1.243,1.1789,0.2813,1.3081,1.57,0.8182,0.4923,1.006,0.956,1.7556,0.6805,0.833,0.6124,1.8164,1.5474,0.2558,0.8557,1.0571,0.8598,1.046,1.0086,0.4455,1.1353,1.2297,0.8059,0.6436,0.8878,0.8703,1.2611,0.7861,0.7833,0.6655,1.3854,1.2407,0.4184,0.806,0.9764,0.9305,0.8431,0.3421,0.993,1.0479,0.6874,0.5747,0.6635,0.6818,1.1698,0.6102,0.6089,0.5668,1.114,0.9939,0.3327,0.6466,0.7185,1.0987,0.387,1.1951,1.2977,0.8584,0.6856,0.7393,0.7619,1.3935,0.6849,0.7186,0.668,1.365,1.1509,0.395,0.7603,0.81,0.3751,1.1168,1.2907,0.8139,0.6346,0.7171,0.7224,1.2667,0.6661,0.6525,0.6988,1.2803,1.1028,0.3662,0.6851,0.7663,0.4185,0.4596,0.2948,0.2651,0.413,0.3981,0.4599,0.3427,0.3498,0.2391,0.5605,0.5173,0.1754,0.3503,0.4224,1.3607,0.8884,0.701,0.8315,0.8317,1.4405,0.7575,0.7308,0.7175,1.416,1.2404,0.4032,0.7804,0.907,0.9414,0.7697,0.9001,0.8827,1.5292,0.8114,0.7882,0.8464,1.5462,1.3521,0.4422,0.8357,0.9555,0.4953,0.5382,0.5761,0.9932,0.5137,0.5098,0.5304,0.9979,0.8713,0.2918,0.5507,0.5947,0.5067,0.5402,0.7916,0.4704,0.523,0.4062,0.825,0.7339,0.2999,0.575,0.5346,0.913,0.909,0.7708,0.738,0.4934,1.0196,1.0043,0.363,0.7014,0.974,0.9291,0.7731,0.7513,0.4484,1.0199,0.9842,0.3744,0.7265,0.9242,0.8531,0.8525,0.8325,1.6167,1.4008,0.4569,0.8795,1.007,0.6658,0.4337,0.9127,0.8709,0.3329,0.6393,0.7917,0.4464,0.9507,0.8848,0.4268,0.8027,0.7654,0.8498,0.7581,0.2508,0.4648,0.5069,1.5746,0.5062,0.9997,1.1087,0.4788,0.912,1.0827,0.4408,0.3772,0.7425
negative53.txt_gi|149898822|gb|ABR27876.1,1.2453,0.7,1.3968,1.1156,0.2737,1.2832,1.5001,0.8458,0.6612,1.0115,0.8563,1.5203,0.7449,0.812,0.459,1.8421,1.6663,0.2697,0.8861,0.9955,0.8058,1.1308,0.9881,0.482,1.1294,1.1985,0.8468,0.7735,0.9237,0.8511,1.204,0.8488,0.8062,0.6279,1.4384,1.3419,0.4426,0.8664,0.9818,0.8778,0.7528,0.3184,0.9098,0.9288,0.6109,0.6008,0.5997,0.5796,0.9916,0.5777,0.5604,0.4605,1.0411,0.9536,0.3207,0.6211,0.6256,1.1516,0.4233,1.2385,1.3389,0.9289,0.8684,0.8217,0.7735,1.3295,0.7688,0.777,0.6538,1.4948,1.3598,0.4522,0.8559,0.8587,0.3459,1.0724,1.2229,0.823,0.7308,0.6937,0.6483,1.1752,0.6484,0.6559,0.5799,1.2701,1.1387,0.3661,0.7219,0.7394,0.4193,0.4262,0.311,0.3097,0.4257,0.3793,0.4317,0.3707,0.3582,0.2248,0.5669,0.544,0.1989,0.3837,0.4289,1.3286,0.8792,0.8351,0.8014,0.7775,1.3384,0.7896,0.7662,0.6412,1.4468,1.3054,0.4345,0.8416,0.8582,0.9667,0.875,0.8565,0.8101,1.4209,0.8162,0.8221,0.6829,1.5239,1.385,0.443,0.8711,0.9165,0.6127,0.5884,0.5552,0.9574,0.5789,0.5374,0.4757,1.0752,0.9465,0.3056,0.5965,0.6296,0.5928,0.581,0.8864,0.5713,0.6138,0.4037,0.9882,0.9025,0.3512,0.6886,0.6197,0.8861,0.8494,0.8095,0.77,0.4268,1.0406,1.088,0.384,0.7571,0.9659,0.8125,0.7721,0.7122,0.4073,0.9737,1.0081,0.3648,0.7108,0.8677,0.8175,0.8213,0.6986,1.5503,1.4065,0.4556,0.9013,0.9036,0.6834,0.4046,0.9731,0.9938,0.3559,0.6925,0.8196,0.3566,0.9477,0.9545,0.4234,0.8082,0.759,0.796,0.717,0.212,0.4071,0.4548,1.6568,0.5401,1.0461,1.0975,0.5138,1.0069,1.145,0.4616,0.3777,0.7643
negative53.txt_gi|149898908|gb|ABR27958.1,1.0629,0.5794,1.4067,1.0372,0.3349,1.1403,1.2269,0.4647,0.5096,1.2372,1.1357,1.1117,0.8587,1.0763,0.6515,1.7241,1.6487,0.2632,0.863,1.3742,0.6953,0.9993,0.8777,0.4159,0.9841,1.0445,0.5655,0.6225,0.9137,0.9032,0.9503,0.825,0.9015,0.6425,1.2473,1.181,0.3862,0.7823,1.0369,0.7536,0.6184,0.2937,0.7378,0.7319,0.4174,0.4682,0.5976,0.6211,0.7517,0.5641,0.5861,0.472,0.8896,0.8282,0.2506,0.5359,0.6543,1.1266,0.4242,1.1635,1.1408,0.6699,0.7117,0.9443,0.9493,1.0912,0.8293,0.8717,0.7056,1.4423,1.3438,0.3997,0.7854,0.9975,0.3361,0.9671,1.0321,0.5513,0.6174,0.7749,0.7626,0.8919,0.6919,0.7562,0.6192,1.229,1.116,0.353,0.6988,0.8717,0.3726,0.3723,0.2073,0.2772,0.4827,0.4655,0.3871,0.4002,0.4279,0.2152,0.5536,0.5344,0.1861,0.3746,0.4961,1.0871,0.6215,0.64,0.8734,0.8662,1.036,0.7731,0.7905,0.7004,1.2768,1.2205,0.3476,0.7085,0.9384,0.5991,0.6655,0.9075,0.8806,1.0508,0.8299,0.8845,0.7162,1.344,1.2524,0.3759,0.7813,1.0506,0.3881,0.4888,0.4774,0.5737,0.4308,0.4793,0.4437,0.7428,0.6842,0.2143,0.4429,0.5328,0.5422,0.5622,0.6247,0.5178,0.6287,0.3958,0.8056,0.7048,0.2976,0.5958,0.6029,1.1264,0.8835,0.9763,0.9518,0.4639,1.1525,1.2481,0.4119,0.7824,1.2592,0.8805,0.9595,0.9471,0.4635,1.1437,1.1716,0.4043,0.8049,1.157,0.8085,0.7751,0.5988,1.2351,1.1699,0.3123,0.6929,0.9537,0.8524,0.4363,1.0255,1.0361,0.3621,0.7248,1.0342,0.5206,1.097,1.0432,0.4915,0.9288,1.0304,0.8248,0.7608,0.2229,0.4722,0.5546,1.5998,0.4797,0.9834,1.2737,0.4639,0.9061,1.3354,0.4358,0.4472,0.8564
negative53.txt_gi|33518669|gb|AAQ20817.1,1.1451,0.8385,1.4074,1.2732,0.3025,1.3709,1.4722,0.6972,0.6077,0.8809,0.7384,1.4011,0.789,0.8656,0.5182,1.7341,1.6351,0.3117,0.8524,0.9652,0.8536,1.1084,1.0131,0.4739,1.1161,1.1564,0.7782,0.7235,0.8104,0.7584,1.0992,0.8351,0.7853,0.6432,1.3365,1.2514,0.4517,0.8034,0.9035,0.9628,0.8773,0.3606,1.0297,1.0341,0.6249,0.63,0.5897,0.576,1.0556,0.6474,0.5839,0.5151,1.104,1.0175,0.3434,0.6249,0.6597,1.2565,0.449,1.264,1.3209,0.8644,0.8336,0.7407,0.6888,1.2703,0.7787,0.7417,0.6578,1.4634,1.3104,0.444,0.7995,0.833,0.4312,1.189,1.2861,0.7817,0.7578,0.6581,0.6167,1.1796,0.7015,0.6656,0.6601,1.329,1.1978,0.3956,0.7178,0.739,0.4705,0.48,0.317,0.3182,0.3927,0.3627,0.4634,0.3785,0.3671,0.2557,0.5705,0.5418,0.2155,0.3788,0.4213,1.3783,0.8339,0.8331,0.7595,0.7392,1.3298,0.8341,0.7668,0.6955,1.4208,1.3243,0.4676,0.8337,0.8479,0.848,0.8416,0.7579,0.7256,1.3497,0.8326,0.7547,0.7187,1.4816,1.3603,0.4504,0.8256,0.8504,0.5496,0.5242,0.4951,0.814,0.549,0.5221,0.4601,0.9506,0.8446,0.322,0.5691,0.5771,0.5118,0.5073,0.8127,0.5569,0.576,0.4276,0.9084,0.8355,0.3696,0.6378,0.5625,0.7795,0.7383,0.7927,0.7683,0.3906,0.9383,0.983,0.3799,0.6925,0.9019,0.7236,0.7497,0.7257,0.3739,0.8767,0.9052,0.3808,0.6765,0.8065,0.8121,0.7502,0.6878,1.4331,1.3088,0.442,0.8092,0.8276,0.7475,0.424,0.9805,0.9877,0.3996,0.7089,0.8326,0.395,0.9203,0.9418,0.4811,0.824,0.7801,0.7684,0.698,0.2471,0.4361,0.4336,1.6113,0.5299,0.9583,1.0561,0.524,0.9388,1.093,0.4985,0.3933,0.7143
negative53.txt_gi|33518673|gb|AAQ20819.1,1.2959,0.7524,1.1881,1.2547,0.3915,1.2517,1.448,0.7086,0.3915,1.0549,0.974,1.7144,0.8454,0.7002,0.3359,1.8948,1.6992,0.1631,0.6827,1.0385,0.8419,1.0503,1.0549,0.5203,1.1478,1.2071,0.8099,0.5825,0.8991,0.8526,1.2522,0.8633,0.7252,0.5368,1.4694,1.3525,0.3055,0.6975,0.9401,0.833,0.7854,0.3624,0.9068,0.9429,0.5534,0.4696,0.639,0.6266,1.0725,0.6229,0.529,0.3636,1.0487,1.007,0.2177,0.5137,0.6563,1.1269,0.4364,1.1301,1.233,0.7645,0.6147,0.7157,0.694,1.3004,0.7055,0.6733,0.4487,1.3968,1.2279,0.3006,0.6731,0.7627,0.4152,1.0939,1.2543,0.7643,0.5949,0.6729,0.6617,1.211,0.6762,0.6073,0.4754,1.3652,1.1938,0.2721,0.6134,0.7359,0.4645,0.4956,0.3042,0.261,0.4571,0.4254,0.4934,0.4294,0.3538,0.21,0.6299,0.562,0.1511,0.3501,0.4568,1.2966,0.8015,0.624,0.7992,0.765,1.3701,0.7866,0.6816,0.5089,1.4319,1.2926,0.2976,0.6714,0.8299,0.8539,0.6645,0.8201,0.7944,1.4471,0.8059,0.7137,0.5471,1.5346,1.3623,0.3042,0.6983,0.871,0.3941,0.5357,0.5066,0.8688,0.5244,0.4622,0.3478,0.9809,0.8496,0.1987,0.4387,0.5368,0.4488,0.4401,0.7004,0.4268,0.4198,0.2434,0.7563,0.6937,0.2034,0.4437,0.463,0.9718,0.8912,0.9038,0.7266,0.3821,1.0497,1.1092,0.2771,0.6605,1.0181,0.85,0.8776,0.7158,0.3485,1.0003,1.0525,0.28,0.651,0.9581,0.8558,0.7831,0.5571,1.567,1.4664,0.3209,0.7569,0.9378,0.6605,0.3582,1.0057,1.0223,0.2597,0.603,0.8886,0.2854,0.8945,0.8795,0.2958,0.6592,0.7288,0.636,0.5801,0.1115,0.2692,0.3941,1.6711,0.3853,0.8897,1.1017,0.3598,0.8533,1.1448,0.3134,0.2776,0.6742
negative53.txt_gi|33518677|gb|AAQ20821.1,1.3087,0.8993,1.3998,1.3666,0.2423,1.3778,1.53,0.7258,0.5076,0.8827,0.8775,1.8734,0.6857,0.6619,0.4197,2.0006,1.7859,0.1909,0.681,1.0069,0.9075,1.1406,1.119,0.4526,1.19,1.25,0.8106,0.6929,0.8298,0.8497,1.3508,0.8025,0.6872,0.6091,1.5355,1.402,0.3526,0.7193,0.9442,0.9947,0.9365,0.3229,1.0501,1.0888,0.6298,0.5882,0.5788,0.6041,1.2484,0.6021,0.5116,0.5037,1.182,1.0944,0.2728,0.5456,0.6548,1.2726,0.3886,1.2867,1.357,0.8748,0.7719,0.7063,0.7296,1.466,0.7228,0.6818,0.5918,1.5272,1.3835,0.3594,0.7289,0.8192,0.3842,1.2084,1.3513,0.814,0.7073,0.6847,0.6886,1.3792,0.6822,0.617,0.6326,1.4929,1.3218,0.3227,0.6439,0.7789,0.4129,0.434,0.2799,0.2472,0.3709,0.3693,0.4659,0.3391,0.2803,0.2166,0.5682,0.5138,0.1363,0.2814,0.3996,1.4062,0.8479,0.7567,0.7366,0.7639,1.5289,0.7585,0.6571,0.6189,1.5333,1.3807,0.35,0.7085,0.8363,0.8898,0.7935,0.7711,0.7902,1.5791,0.7861,0.6861,0.6751,1.6295,1.4469,0.366,0.7361,0.8749,0.5002,0.5037,0.5152,0.9642,0.513,0.4592,0.4019,1.0359,0.9274,0.2307,0.4838,0.5842,0.4543,0.4833,0.8486,0.4663,0.4629,0.3427,0.9006,0.8315,0.2549,0.5181,0.5283,0.8363,0.8161,0.7349,0.6425,0.3913,0.9786,0.9957,0.2745,0.5838,0.9059,0.8346,0.7511,0.6505,0.3687,0.9963,1.0083,0.2891,0.6095,0.8876,0.8581,0.7555,0.723,1.7221,1.5872,0.4022,0.8095,0.9441,0.5904,0.3594,0.9628,0.9526,0.2697,0.5612,0.7872,0.3103,0.8562,0.8499,0.3185,0.6384,0.6915,0.7804,0.6851,0.1671,0.3233,0.4114,1.7682,0.4459,0.9013,1.1118,0.4278,0.8751,1.1398,0.3424,0.3065,0.6578
negative53.txt_gi|33518711|gb|AAQ20838.1,1.4105,0.5711,1.5498,1.1553,0.29,1.0155,1.3638,0.7438,0.5984,1.0836,0.9624,1.522,0.7148,1.0823,0.7597,1.8047,1.5384,0.3273,1.0646,1.3371,0.6637,1.126,0.9339,0.4662,0.9952,1.1475,0.8545,0.6761,1.0357,0.9527,1.1639,0.8699,1.0094,0.7502,1.4075,1.3152,0.4319,1.002,1.2092,0.7838,0.6013,0.2466,0.6786,0.728,0.5164,0.4873,0.5365,0.5151,0.8596,0.4869,0.6018,0.4675,0.8522,0.7732,0.2762,0.5774,0.6174,1.1393,0.3895,1.0911,1.2797,0.8824,0.792,0.916,0.8228,1.3442,0.8192,0.9558,0.7659,1.4762,1.2935,0.4274,0.9505,1.0971,0.3883,0.8947,1.1055,0.7216,0.6342,0.6909,0.6228,1.0977,0.6361,0.7483,0.6948,1.1945,1.0257,0.3347,0.7365,0.8205,0.3512,0.4074,0.3077,0.253,0.4015,0.3143,0.4103,0.2761,0.3438,0.2447,0.5021,0.4624,0.1434,0.3606,0.4212,1.1027,0.7505,0.6544,0.744,0.6783,1.153,0.6879,0.8071,0.6622,1.1846,1.0581,0.3607,0.7672,0.8521,0.8286,0.7285,0.8508,0.7673,1.3003,0.7883,0.9097,0.8072,1.371,1.2162,0.3965,0.8846,0.9862,0.5119,0.6482,0.6201,0.9083,0.5825,0.6997,0.5274,0.9796,0.8856,0.3091,0.6749,0.7325,0.5637,0.526,0.7998,0.5006,0.6538,0.411,0.7821,0.7381,0.3349,0.6504,0.6393,0.9144,0.8696,0.7627,0.9006,0.5262,1.0954,1.0587,0.3407,0.82,1.1239,0.8223,0.7537,0.8952,0.519,1.0546,0.9953,0.3577,0.825,1.016,0.8035,0.9657,0.771,1.416,1.2905,0.4303,0.9374,0.9962,0.7776,0.5626,0.9859,0.9117,0.3355,0.7352,0.8798,0.6099,1.1352,1.0936,0.4782,0.9776,1.0086,0.931,0.8238,0.2507,0.597,0.7013,1.5497,0.4785,1.142,1.3139,0.4501,1.0953,1.2485,0.4917,0.4073,0.9685
negative53.txt_gi|34421652|gb|AAQ68063.1,1.2564,0.7009,1.2711,1.0564,0.2835,1.1837,1.3708,0.8132,0.4589,1.0182,0.8678,1.5855,0.6923,0.6695,0.4772,1.9439,1.8193,0.2026,0.7336,1.2878,0.7395,1.0133,0.9161,0.4575,1.0013,1.1062,0.8313,0.5895,0.8817,0.8265,1.1734,0.8022,0.6696,0.5747,1.4506,1.3654,0.3269,0.7213,1.0722,0.7945,0.6864,0.2808,0.8409,0.8588,0.5659,0.4817,0.5849,0.5858,0.9873,0.5438,0.4745,0.4386,0.9903,0.9553,0.2232,0.493,0.7228,1.0656,0.368,1.1041,1.2186,0.883,0.6501,0.714,0.6963,1.2672,0.6635,0.6117,0.5946,1.4342,1.2749,0.3013,0.6523,0.8966,0.3271,0.9491,1.1209,0.7604,0.5456,0.6244,0.5917,1.0925,0.5864,0.5203,0.5732,1.2603,1.1113,0.2563,0.5662,0.8033,0.3637,0.3984,0.3001,0.217,0.4068,0.3725,0.4048,0.3406,0.2918,0.1906,0.5529,0.5335,0.135,0.3005,0.4538,1.1917,0.8069,0.6145,0.7416,0.7343,1.2984,0.704,0.6089,0.6156,1.3384,1.259,0.2841,0.6192,0.928,0.8791,0.6732,0.7954,0.7355,1.3581,0.7356,0.6436,0.6714,1.4719,1.3443,0.3101,0.6982,0.9903,0.4805,0.5724,0.545,0.926,0.5155,0.4779,0.4137,1.0594,0.9448,0.2219,0.5017,0.7114,0.4654,0.4511,0.7135,0.4182,0.4281,0.3094,0.7793,0.725,0.232,0.4948,0.5443,0.8831,0.8367,0.7835,0.6984,0.3853,1.0112,1.1013,0.3129,0.6548,1.0701,0.8286,0.736,0.6488,0.35,0.954,1.035,0.3059,0.6089,0.9507,0.797,0.6854,0.7227,1.5675,1.4612,0.3154,0.7159,1.0277,0.5792,0.3692,0.9346,0.9706,0.2731,0.5579,0.8624,0.2889,0.8347,0.863,0.3214,0.6471,0.7904,0.797,0.7448,0.1334,0.3133,0.4698,1.753,0.4135,0.9043,1.2508,0.4135,0.9042,1.3063,0.3475,0.3573,0.7626
negative53.txt_gi|388359|gb|AAA30329.1,1.0296,0.7837,1.3878,1.0321,0.3134,1.2211,1.504,0.6838,0.581,1.14,0.867,1.6008,0.7973,0.7694,0.6467,1.5937,1.6901,0.2804,0.7462,1.1859,0.7546,1.0053,0.8472,0.4549,1.0015,1.0707,0.6631,0.6582,0.9371,0.7938,1.0899,0.7974,0.7234,0.6334,1.1889,1.1891,0.401,0.7186,0.9968,0.9118,0.7505,0.3551,0.915,0.9654,0.57,0.5634,0.7209,0.618,1.0642,0.6202,0.5755,0.5354,0.9924,1.0207,0.3261,0.5794,0.7377,1.1083,0.4622,1.176,1.2835,0.8296,0.756,0.9128,0.7673,1.3521,0.7648,0.6999,0.7359,1.3568,1.3144,0.4006,0.7125,0.9663,0.3604,0.9796,1.1439,0.681,0.6517,0.7601,0.6573,1.1303,0.6688,0.6028,0.625,1.1394,1.0705,0.3547,0.6042,0.8121,0.4645,0.4685,0.2837,0.2945,0.4616,0.3578,0.4952,0.3663,0.3627,0.2865,0.5521,0.589,0.1821,0.339,0.4575,1.2808,0.7343,0.7318,0.9184,0.7806,1.3097,0.8012,0.7099,0.728,1.2796,1.2517,0.397,0.7214,0.9521,0.801,0.8001,0.9566,0.8155,1.4393,0.8525,0.754,0.8331,1.3919,1.3351,0.4181,0.7588,1.0061,0.4803,0.5758,0.4766,0.854,0.4917,0.4436,0.4998,0.8312,0.8152,0.2499,0.4614,0.6053,0.597,0.5381,0.8047,0.5379,0.5449,0.44,0.8211,0.7889,0.3401,0.5861,0.64,0.931,1.04,0.8949,0.8023,0.5529,1.0955,1.1717,0.4181,0.7529,1.1253,0.8629,0.8004,0.6979,0.4689,0.9385,0.9672,0.3906,0.6715,0.9396,0.8888,0.8144,0.7779,1.4479,1.4403,0.439,0.8205,1.0621,0.6815,0.4872,0.947,0.9721,0.3737,0.6505,0.9055,0.4021,0.8592,0.8941,0.4159,0.7132,0.8109,0.8134,0.801,0.2314,0.4181,0.6005,1.545,0.4856,0.8661,1.1507,0.4876,0.8745,1.2103,0.4238,0.4413,0.7806
negative53.txt_gi|6175102|sp|Q27049.1,1.2013,0.7356,1.1498,1.1479,0.3264,1.2292,1.516,0.7132,0.5751,0.9082,0.8052,1.5019,0.7278,0.8029,0.3315,1.9832,1.5601,0.2455,0.8168,0.9701,0.7809,1.046,1.0057,0.4825,1.0802,1.1937,0.7675,0.6926,0.81,0.7743,1.1588,0.8137,0.756,0.5356,1.4835,1.2732,0.4052,0.7841,0.8898,0.8042,0.7665,0.2977,0.8919,0.9562,0.5687,0.5552,0.5274,0.5181,1.0114,0.5548,0.5389,0.3886,1.0339,0.919,0.281,0.5663,0.5703,1.0765,0.4103,1.1048,1.2371,0.7941,0.702,0.6573,0.6295,1.2043,0.6673,0.6783,0.4973,1.4242,1.1838,0.3577,0.7056,0.7268,0.3673,1.0675,1.2567,0.7671,0.6456,0.58,0.5902,1.1642,0.6217,0.586,0.5107,1.3453,1.102,0.3153,0.6142,0.6493,0.4071,0.449,0.2868,0.2817,0.4244,0.385,0.4107,0.3871,0.3652,0.1962,0.6185,0.5486,0.1836,0.372,0.4385,1.3125,0.8027,0.7322,0.6974,0.6803,1.3042,0.725,0.6864,0.5422,1.4104,1.2066,0.3724,0.7303,0.7663,0.8686,0.7916,0.7589,0.7278,1.4269,0.7778,0.729,0.6099,1.5769,1.3243,0.3883,0.7681,0.8276,0.4915,0.4668,0.4715,0.8746,0.4926,0.4776,0.3744,1.002,0.8295,0.2601,0.496,0.5232,0.4928,0.4973,0.7991,0.5096,0.5477,0.3083,0.8867,0.7716,0.3169,0.6115,0.5301,0.8097,0.7339,0.7644,0.7072,0.3305,0.9836,0.9481,0.3232,0.6599,0.9127,0.7126,0.739,0.6942,0.3064,0.927,0.8915,0.334,0.6658,0.8352,0.7726,0.765,0.5868,1.5228,1.3011,0.4052,0.7999,0.8002,0.6723,0.3335,0.9813,0.9244,0.3302,0.6569,0.7938,0.2739,0.9375,0.8664,0.4033,0.7759,0.7484,0.699,0.592,0.1528,0.2971,0.349,1.6799,0.4926,0.9688,1.0815,0.4455,0.8825,1.0322,0.4295,0.3428,0.7028
negative53.txt_gi|71725068|gb|AAZ38956.1,1.1115,0.8553,1.2902,1.0753,0.3514,1.3336,1.7335,0.8137,0.5761,1.2016,0.8615,1.6443,0.7181,0.9183,0.6322,1.8889,1.5669,0.3029,0.8611,1.1448,0.8416,1.0342,0.9262,0.5126,1.0797,1.2211,0.8298,0.6813,0.9931,0.857,1.163,0.8169,0.8556,0.6879,1.3486,1.2122,0.4562,0.819,1.0016,0.9453,0.8085,0.3949,1.0087,1.099,0.7043,0.6137,0.7456,0.6549,1.1319,0.6265,0.6428,0.5817,1.1315,0.9755,0.3433,0.6224,0.7469,1.1142,0.4738,1.2194,1.3939,0.8835,0.7794,0.9089,0.7933,1.3506,0.7678,0.8053,0.7249,1.4513,1.2491,0.4291,0.8061,0.9252,0.4255,1.0778,1.2699,0.7961,0.6867,0.8051,0.7072,1.1862,0.6872,0.7327,0.6779,1.297,1.0957,0.3976,0.7291,0.8345,0.5107,0.5734,0.3866,0.3284,0.5104,0.4377,0.5565,0.4021,0.4229,0.3089,0.6692,0.5981,0.2236,0.4086,0.4921,1.4518,0.9131,0.782,0.9669,0.8368,1.4035,0.8086,0.8315,0.7692,1.4452,1.2593,0.4377,0.8073,0.9767,1.0038,0.8719,1.0611,0.9277,1.5842,0.8933,0.9225,0.9105,1.6795,1.4199,0.4843,0.8987,1.0933,0.5536,0.669,0.6006,1.0016,0.5773,0.6089,0.5599,1.0596,0.9125,0.3459,0.6071,0.6933,0.6178,0.5473,0.8502,0.5232,0.5692,0.4472,0.9228,0.806,0.3277,0.6145,0.6224,0.972,1.0368,0.8795,0.9005,0.5919,1.2221,1.1862,0.4257,0.8116,1.1377,0.8917,0.7658,0.7863,0.5143,1.0564,1.0216,0.382,0.7225,0.9373,0.8549,0.8908,0.8495,1.6029,1.3411,0.4805,0.8726,1.0405,0.7123,0.4991,1.0052,0.9649,0.3553,0.6586,0.8671,0.52,1.0802,0.9993,0.4697,0.8355,0.8552,0.9299,0.8189,0.2862,0.4876,0.6286,1.6107,0.5721,1.0364,1.2257,0.5167,0.9492,1.1917,0.481,0.4158,0.7852
negative53.txt_gi|71725072|gb|AAZ38958.1,1.3264,0.8128,1.3972,0.95,0.2821,1.2897,1.3703,0.5155,0.7216,1.0667,0.939,1.1591,1.096,0.7853,0.4525,1.9026,1.8081,0.4167,0.8214,1.2478,0.9221,1.2204,0.9814,0.5413,1.2052,1.2288,0.7488,0.8608,0.956,0.9169,1.1256,1.0401,0.7608,0.7105,1.5313,1.4456,0.5307,0.8209,1.107,0.9819,0.7749,0.395,0.9857,0.9877,0.5234,0.694,0.6977,0.6557,0.9556,0.7599,0.543,0.5164,1.1436,1.0919,0.3816,0.6106,0.8013,1.1202,0.5116,1.2627,1.3088,0.7341,0.906,0.8381,0.7868,1.1906,0.9142,0.6699,0.6711,1.5442,1.4527,0.4721,0.7707,0.9789,0.4185,1.0237,1.0929,0.5849,0.7168,0.6605,0.6206,0.9492,0.7197,0.51,0.5497,1.2411,1.1643,0.3599,0.5927,0.7768,0.5129,0.5319,0.2999,0.3582,0.4641,0.4369,0.4762,0.4771,0.3485,0.2958,0.6595,0.6568,0.2356,0.3619,0.5301,1.3111,0.7039,0.8854,0.8703,0.8289,1.2053,0.9612,0.6858,0.6915,1.4944,1.3994,0.4833,0.7696,0.9992,0.7182,0.8923,0.868,0.8216,1.2144,0.9481,0.6676,0.7068,1.5368,1.4432,0.4722,0.7591,1.0087,0.4926,0.5068,0.4846,0.655,0.5524,0.4108,0.4113,0.8807,0.8102,0.2944,0.443,0.5835,0.6352,0.6249,0.8285,0.7044,0.6175,0.4652,1.0378,0.9559,0.458,0.6964,0.7296,0.9738,0.8254,1.0469,0.774,0.4982,1.0929,1.1335,0.4786,0.7305,1.1357,0.7784,0.9993,0.7666,0.4855,1.0395,1.0491,0.4856,0.7257,1.0442,0.9083,0.6425,0.6443,1.3981,1.319,0.4493,0.7197,0.9448,0.8093,0.5503,1.1895,1.1839,0.5148,0.7825,1.1275,0.3832,0.8604,0.8322,0.5476,0.7762,0.8331,0.842,0.7996,0.2734,0.4188,0.5754,1.8029,0.5972,0.9504,1.2749,0.5659,0.8974,1.3134,0.5682,0.529,0.8088
