#name,V1,V2,V3,V4,V5,V6,V7,V8,V9,V10,V11,V12,V13,V14,V15,V16,V17,V18,V19,V20
1-212.txt_1,-0.8051,-1.3692,-0.9333,-1.359,-2.3897,-1.1026,-1.0872,-1.8923,-1.6103,-1.4051,-1.4513,-0.9077,-1.4154,-1.4718,-1.8769,-0.6462,-0.5744,-2.5436,-1.0359,-0.8308
1-212.txt_3,-0.4848,-1.0364,-0.8424,-1.0364,-1.8848,-0.6182,-0.8485,-1.4,-1.5394,-1.5818,-1.503,-0.5394,-0.9697,-2.0485,-1.5091,-0.2788,-0.2364,-2.4,-1.6121,-1.2424
1-212.txt_5,-0.9211,-1.3895,-0.9789,-1.5053,-2.6105,-1.0421,-1.0842,-1.8421,-1.7211,-1.3684,-1.3053,-0.9842,-1.3421,-1.1895,-1.8947,-0.6895,-0.5053,-2.6895,-1.1211,-0.9842
1-212.txt_7,-0.75,-1.1875,-0.875,-1.3864,-2.4148,-0.9943,-0.7386,-1.608,-1.7443,-1.4318,-1.3807,-0.8011,-1.0341,-1.5057,-1.5341,-0.517,-0.517,-2.3693,-1.1023,-0.9943
1-212.txt_9,-1.1237,-1.2688,-1.3978,-1.4409,-2.7473,-1.043,-0.7688,-2.0108,-1.5376,-1.2957,-1.1398,-0.7634,-1.0806,-1.5968,-2.1935,-0.9785,-0.672,-2.9624,-1.7312,-0.8441
1-212.txt_11,-0.6617,-0.8195,-0.7293,-1.1654,-1.8609,-0.5038,-0.6128,-1.6654,-1.0263,-1.2143,-1.0865,-0.6241,-0.6203,-1.5,-1.5639,-0.3647,-0.6053,-2.218,-1.1015,-1.0038
1-212.txt_13,-1.3179,-1.3815,-1.341,-1.578,-3.0405,-1.0231,-0.7572,-2.3121,-1.5491,-1.2659,-1.2139,-0.6763,-1.2023,-1.6705,-2.4046,-0.9711,-0.6301,-3.3179,-1.5145,-0.9942
1-212.txt_15,-1.0924,-1.3207,-1.288,-1.4837,-3.1359,-0.9076,-0.8478,-2.163,-1.5272,-1.2826,-1.1033,-0.8641,-1.125,-1.5109,-2.2609,-0.9674,-0.625,-3.2554,-1.7717,-0.8967
1-212.txt_17,-0.796,-1.5323,-0.8507,-1.3483,-2.6318,-1.1393,-0.9552,-1.8955,-1.7612,-1.5224,-1.4229,-0.9055,-1.5522,-1.2786,-2,-0.7114,-0.5572,-2.6915,-1.01,-0.9204
1-212.txt_19,-0.6121,-1.5093,-0.986,-1.5421,-2.3925,-1.0748,-1.2009,-1.6636,-1.8224,-1.4813,-1.257,-0.972,-1.3364,-1.3645,-1.9626,-0.5421,-0.4579,-2.6916,-1.2477,-0.9579
1-212.txt_21,-0.4903,-0.9709,-0.9272,-1.3107,-1.5728,-0.6553,-0.733,-1.6699,-1.2864,-1.1748,-1.1165,-0.5971,-0.6942,-1.4709,-1.3883,-0.3155,-0.4709,-2.2573,-1.1505,-0.8641
1-212.txt_23,-0.4693,-0.9218,-0.7039,-1.2793,-1.5196,-0.5922,-0.7207,-1.5978,-1.1676,-1.1173,-0.9888,-0.4469,-0.5978,-1.486,-1.6425,-0.2849,-0.3631,-2.2123,-1.0726,-0.7765
1-212.txt_25,-0.9839,-1.4355,-0.8172,-1.2258,-2.7312,-1.1237,-1.0914,-1.871,-1.8011,-1.4301,-1.4355,-0.8441,-1.3011,-1.4624,-1.9892,-0.7419,-0.6774,-2.7312,-1.2151,-0.914
1-212.txt_27,-0.7092,-1.0326,-0.7092,-1.0593,-1.7745,-0.5727,-0.6053,-1.7804,-1.0979,-1.2166,-1.1691,-0.7329,-0.7804,-1.4777,-1.4451,-0.4154,-0.3858,-2.1068,-0.9377,-0.9288
1-212.txt_29,-0.5441,-1.2324,-0.7559,-1.2765,-1.8059,-0.8618,-0.8794,-1.6176,-1.4971,-1.2206,-1.1794,-0.7941,-0.8147,-1.4471,-1.3765,-0.3676,-0.4412,-2.4529,-1.2206,-0.8353
1-212.txt_31,-0.8317,-1.2475,-0.901,-1.2376,-1.6733,-0.9307,-1.0495,-1.7921,-1.0594,-1.3861,-1.495,-1.0693,-1.1584,-1.3861,-1.6634,-0.6238,-0.4158,-2.4158,-0.9406,-1.1188
1-212.txt_33,-1.125,-1.4659,-1.5114,-1.6477,-3.1307,-1.3125,-0.9091,-2.3068,-1.6818,-1.3011,-1.2216,-0.9261,-1.2159,-1.7614,-2.3523,-0.9545,-0.7159,-3.5057,-1.875,-1.0795
1-212.txt_35,-0.6477,-1,-0.6114,-1.2435,-1.5803,-0.6995,-0.8497,-1.715,-1.1917,-1.5078,-1.4611,-0.6839,-0.9585,-1.5907,-1.9171,-0.2487,-0.2228,-2.3834,-1.2487,-1.1813
1-212.txt_37,-0.5,-1.5673,-0.9904,-1.6779,-2.3365,-0.9615,-1.1202,-1.6731,-1.5,-1.3654,-1.2885,-0.9038,-1.125,-1.3462,-1.851,-0.5288,-0.5337,-2.5192,-1.1538,-0.8798
1-212.txt_39,-1.2148,-1.4832,-0.7181,-1.4832,-2.604,-1.0671,-0.8658,-1.8725,-1.6242,-1.1946,-1.443,-0.7517,-1.0872,-1.4899,-1.8725,-0.6846,-0.7383,-2.2752,-0.9664,-1.0268
1-212.txt_41,-0.6364,-1.017,-0.9148,-1.2159,-1.6591,-0.608,-0.7386,-1.5227,-1.1875,-1.3864,-1.3239,-0.6307,-0.9489,-1.4716,-1.5398,-0.392,-0.5284,-2.0795,-0.9716,-1.0511
1-212.txt_43,-1.0749,-1.3904,-1.2513,-1.5027,-2.8075,-1.0267,-0.8396,-2.107,-1.615,-1.2086,-1.0481,-0.8235,-1.123,-1.2674,-2.0374,-0.9733,-0.6203,-3.0535,-1.4813,-0.754
1-212.txt_45,-0.8557,-1.408,-0.801,-1.2587,-2.3632,-1.0448,-0.9652,-1.6567,-1.5323,-1.5274,-1.5771,-0.8905,-1.3881,-1.6368,-1.6716,-0.5721,-0.5075,-2.408,-1.2289,-1.01
1-212.txt_47,-1.1711,-1.3529,-1.3102,-1.4866,-3.2139,-0.9198,-0.7594,-2.3316,-1.5294,-1.3529,-1.2674,-0.9733,-1.2567,-1.5829,-2.1711,-0.9358,-0.5615,-3.1123,-1.6203,-1.0214
1-212.txt_49,-0.5751,-1.171,-1.0984,-1.4041,-1.772,-0.6788,-0.9326,-1.6788,-1.3523,-1.2383,-1.3368,-0.6632,-0.6943,-1.5648,-1.6736,-0.5181,-0.4767,-2.3834,-1.2798,-0.8497
1-212.txt_51,-0.9344,-1.612,-0.8197,-1.3443,-2.5027,-1.1311,-1.2295,-1.9454,-1.9399,-1.5301,-1.4809,-0.918,-1.5137,-1.3224,-2.1639,-0.6612,-0.5519,-2.7978,-1.0492,-0.9836
1-212.txt_53,-0.5799,-1.1065,-0.7396,-1.0118,-1.8639,-0.3905,-0.6154,-1.3491,-1.3077,-1.5799,-1.3964,-0.5207,-1.0237,-1.9112,-1.4852,-0.2367,-0.1953,-2.3136,-1.4793,-1.2485
1-212.txt_55,-0.4324,-1.1027,-0.4919,-1.2,-1.3946,-0.627,-0.8541,-1.2703,-1.227,-1.3135,-1.2324,-0.8919,-0.7838,-1.5676,-1.4595,-0.0108,-0.0216,-2.0162,-1.1135,-0.9243
1-212.txt_57,-0.8054,-1.3189,-1.0486,-1.3784,-1.6595,-0.6595,-0.9351,-1.6757,-1.2649,-1.3189,-1.2486,-0.9892,-0.8054,-1.6378,-1.827,-0.6649,-0.627,-2.2919,-1.1568,-1.0108
1-212.txt_59,-1.0394,-1.202,-1.2167,-1.33,-2.7291,-0.8522,-0.6601,-2.0887,-1.5567,-1.2808,-1.1675,-0.8719,-1.133,-1.6059,-1.8867,-0.7241,-0.5222,-2.8818,-1.5911,-1.1034
1-212.txt_61,-1.0317,-1.1086,-1.3665,-1.3484,-2.7557,-0.8326,-0.6923,-2.0136,-1.5656,-1.4208,-1.3665,-0.6923,-1.2579,-1.7828,-1.7511,-0.8869,-0.7149,-3.1041,-1.7421,-1.0362
1-212.txt_63,-0.5419,-0.803,-0.6749,-0.936,-1.8818,-0.4039,-0.5517,-1.2759,-1.3547,-1.5369,-1.4729,-0.3202,-1.0345,-1.8867,-1.6946,-0.1724,-0.1182,-2.2611,-1.3941,-1.0936
1-212.txt_65,-0.5774,-1.119,-0.8631,-0.9524,-1.9048,-0.5774,-0.6012,-1.4583,-1.3393,-1.5714,-1.4702,-0.6429,-0.9345,-1.881,-1.6845,-0.2321,-0.3631,-2.4405,-1.4583,-1.1786
1-212.txt_67,-0.525,-1.075,-0.73,-0.975,-1.515,-0.66,-0.585,-1.45,-1.015,-1.37,-1.19,-0.78,-0.855,-1.44,-1.59,-0.145,-0.32,-2.18,-1.195,-1.11
1-212.txt_69,-0.7961,-1.1631,-0.7811,-1.2489,-2.0987,-0.9592,-0.9614,-1.3798,-1.2146,-1.6137,-1.6094,-0.8369,-1.2403,-1.7189,-1.9142,-0.633,-0.8648,-2.176,-1.0601,-1.3219
1-212.txt_71,-0.4022,-1.0598,-0.7174,-1.0761,-1.4674,-0.5652,-0.6576,-1.038,-1.2717,-1.4783,-1.4293,-0.7011,-0.8424,-1.6522,-1.4022,-0.125,-0.3641,-2.212,-1.3043,-1.0163
1-212.txt_73,-0.5654,-0.9486,-0.7897,-1.1262,-1.9065,-0.6869,-0.7383,-1.6869,-1.2757,-1.4953,-1.3785,-0.6215,-0.9112,-1.5654,-1.6729,-0.6355,-0.4673,-2.2103,-0.9533,-1.0935
1-212.txt_75,-0.7322,-0.9874,-0.91,-1.2887,-1.9728,-0.6506,-0.5941,-1.7343,-1.2929,-1.4895,-1.4121,-0.6234,-0.9833,-1.6297,-1.546,-0.4916,-0.5418,-2.4142,-1.3138,-1.2113
1-212.txt_77,-0.6552,-1.1921,-0.7685,-1.069,-1.9852,-0.5764,-0.6256,-1.6847,-1.1478,-1.5961,-1.4729,-0.4384,-1.0837,-1.3842,-1.8079,-0.5517,-0.5222,-2.1232,-0.7783,-1.1576
1-212.txt_79,-0.5359,-1.3684,-0.756,-0.9282,-2,-0.5455,-0.555,-1.7177,-1.3349,-1.445,-1.3397,-0.5933,-1.0526,-1.5407,-1.866,-0.5598,-0.3493,-2.0383,-1.0335,-0.9569
1-212.txt_81,-1.1461,-1.1685,-1.427,-1.573,-3.2416,-1.0506,-1.0506,-2.3427,-1.4944,-1.3539,-1.2022,-0.7865,-1.1517,-1.7079,-2.5899,-1.0843,-0.5674,-3.3764,-1.691,-0.9101
1-212.txt_83,-0.7474,-1.1474,-1.0947,-1.5211,-1.9632,-0.6211,-0.8316,-1.6737,-1.2105,-1.4684,-1.1895,-0.8789,-0.8,-1.5632,-1.3526,-0.5158,-0.4737,-2.3,-1.2474,-1.2632
1-212.txt_85,-1.1385,-1.2359,-1.1846,-1.4923,-2.9897,-0.8564,-0.8154,-2.1692,-1.4615,-1.441,-1.2821,-0.6667,-1.2615,-1.4154,-2.0154,-0.9641,-0.6359,-3.3077,-1.5949,-0.9846
1-212.txt_87,-1.1889,-1.2833,-1.4333,-1.4778,-3.0722,-1.0556,-0.85,-2.2556,-1.6278,-1.3444,-1.1833,-0.8778,-1.1389,-1.5333,-2.2222,-0.9833,-0.6611,-3.2667,-1.8444,-1.0167
1-212.txt_89,-0.8717,-1.5561,-0.9358,-1.3904,-2.492,-1.0963,-0.9893,-2.0214,-1.5936,-1.5615,-1.6471,-1,-1.4545,-1.2086,-1.9626,-0.4866,-0.5348,-2.6417,-1.0588,-1.0535
1-212.txt_91,-0.9506,-1.5062,-0.6975,-1.5123,-2.6605,-1.1543,-0.963,-2.0494,-1.6852,-1.5,-1.5185,-0.7407,-1.3025,-1.3086,-1.9012,-0.6852,-0.537,-2.4321,-0.8148,-1.0185
1-212.txt_93,-0.7906,-1.4869,-0.6702,-1.2304,-2.2932,-1.0681,-0.9267,-1.6754,-1.6073,-1.4031,-1.5236,-0.8796,-1.3298,-1.3665,-1.5654,-0.6911,-0.5812,-2.5759,-0.9686,-0.9581
1-212.txt_95,-0.4105,-1.0165,-1.1763,-1.3967,-2.1185,-0.8926,-0.9504,-1.281,-1.3691,-1.4022,-1.1818,-0.9284,-0.9559,-1.7741,-1.5675,-0.4711,-0.7163,-2.3251,-1.4876,-1.1708
1-212.txt_97,-0.9246,-1.1055,-0.7538,-1.2764,-2.0603,-0.6533,-0.8844,-1.7286,-1.1206,-1.5377,-1.4573,-0.9749,-0.9447,-1.608,-1.5075,-0.5477,-0.4573,-2.2513,-1.1759,-1.3266
1-212.txt_99,-0.8971,-1.5029,-1.8457,-1.6514,-2.9886,-1.1486,-0.7714,-2.1486,-1.8457,-1.4457,-0.9771,-0.8286,-1.08,-1.8286,-2.1829,-1.0114,-0.5886,-3.3371,-1.96,-0.8857
1-212.txt_101,-0.6079,-0.9058,-0.5532,-0.845,-1.8632,-0.4043,-0.4134,-1.7173,-0.9331,-1.5714,-1.3982,-0.4833,-0.9453,-1.6474,-1.5593,-0.2675,-0.4772,-2.1429,-1.0638,-1.1793
1-212.txt_103,-0.4439,-1.3073,-0.7561,-1.0293,-1.9951,-0.8049,-0.7366,-1.5366,-1.3073,-1.6293,-1.3707,-0.5073,-1.1512,-1.8537,-1.6585,-0.239,-0.2341,-2.561,-1.3171,-1.1463
1-212.txt_105,-0.3059,-1.3,-0.9353,-1.1118,-1.2235,-0.9765,-0.9882,-0.9471,-1.5471,-1.3824,-1.3059,-0.8765,-0.9529,-1.5765,-1.4294,-0.1588,-0.3706,-2.2294,-1.4118,-1.0059
1-212.txt_107,-0.9044,-1.4309,-0.7331,-1.2886,-2.6243,-1.068,-0.9941,-1.9044,-1.632,-1.4456,-1.6169,-0.8548,-1.5309,-1.411,-1.8239,-0.6654,-0.521,-2.6,-1.0485,-0.9967
1-212.txt_109,-0.635,-0.67,-0.605,-1.2,-1.81,-0.46,-0.575,-1.67,-1.09,-1.61,-1.475,-0.46,-1.065,-1.63,-1.85,-0.33,-0.24,-1.945,-0.86,-1.23
1-212.txt_111,-1.2849,-1.4709,-1.4942,-1.6512,-3.0058,-1.0407,-0.8488,-2.2791,-1.6512,-1.4128,-1.2093,-0.7151,-1.3372,-1.7267,-2.4012,-0.8837,-0.6337,-3.3837,-1.6919,-1.1047
1-212.txt_113,-0.5349,-1.2829,-0.8178,-1.3566,-2.0853,-1.0078,-1.0116,-1.438,-1.6202,-1.5736,-1.4419,-0.8605,-1.2713,-1.6163,-1.624,-0.5116,-0.4651,-2.6938,-1.3876,-1.0233
1-212.txt_115,-0.2688,-1.1562,-0.8312,-1.0875,-1.2,-0.7688,-0.925,-0.8625,-1.4187,-1.475,-1.375,-0.85,-0.95,-1.6,-1.5312,-0.1625,-0.3688,-2.2313,-1.2625,-1.05
1-212.txt_117,-1.0632,-1.2874,-1.5575,-1.6552,-3.1552,-1.1839,-0.9195,-2.2529,-1.7184,-1.4598,-1.0632,-0.9483,-1.0805,-1.5805,-2.2874,-1.0402,-0.7816,-3.3966,-2,-0.9138
1-212.txt_119,-0.9737,-1.2895,-1.3289,-1.6096,-2.5088,-0.9649,-1.0219,-2.1535,-1.364,-1.5132,-1.3202,-0.943,-0.9956,-1.6491,-1.7149,-0.6886,-0.5351,-2.7763,-1.5263,-1.1974
1-212.txt_121,-0.4852,-0.8876,-1.1361,-1.4497,-2.3669,-0.8402,-0.8166,-1.4911,-1.5444,-1.4734,-1.4083,-0.8107,-1.0947,-1.7219,-1.1657,-0.6805,-0.5799,-2.2781,-1.3254,-1.1124
1-212.txt_123,-1,-1.1535,-1.3317,-1.4059,-2.9455,-0.9158,-0.7574,-1.9406,-1.6881,-1.3911,-1.0446,-0.802,-1.2871,-1.5099,-1.9802,-0.9455,-0.6634,-3.1535,-1.7228,-0.9505
1-212.txt_125,-1.1532,-1.2936,-1.3957,-1.4681,-3.0553,-0.8383,-0.7234,-2.0553,-1.3957,-1.383,-1.2085,-0.8426,-1.1787,-1.5191,-1.966,-0.8553,-0.6723,-3.0255,-1.6426,-1.1106
1-212.txt_127,-1.1414,-1.3298,-1.377,-1.4764,-3.0052,-0.911,-0.8115,-2.1832,-1.5654,-1.2723,-1.0942,-0.8272,-1.1571,-1.4607,-2.1309,-1.0366,-0.644,-3.089,-1.712,-0.9738
1-212.txt_129,-0.6502,-1.3744,-1.0887,-1.6305,-2.4187,-0.9754,-1.2118,-1.6946,-1.7635,-1.4089,-1.2709,-0.9458,-1.3793,-1.6502,-1.7143,-0.6601,-0.6502,-2.7192,-1.399,-0.9655
1-212.txt_131,-0.913,-1.4658,-0.795,-1.4969,-2.646,-1.0124,-0.9752,-2.0683,-1.6025,-1.5217,-1.5839,-0.646,-1.2981,-1.5776,-1.9876,-0.5776,-0.4596,-2.677,-1.0124,-1.0062
1-212.txt_133,-0.5952,-1.2679,-0.875,-0.9464,-1.7976,-0.6131,-0.8214,-1.7024,-1.3274,-1.4881,-1.4821,-0.6131,-1.0298,-1.6905,-1.869,-0.4643,-0.3274,-2.4048,-1.119,-0.9286
1-212.txt_135,-0.1913,-1.3333,-1.0219,-1.541,-1.5137,-0.7432,-0.9727,-1.4098,-1.2842,-1.2077,-1.4044,-0.7322,-0.8306,-1.5902,-1.5792,-0.2568,-0.2787,-2.5027,-1.2678,-0.7322
1-212.txt_137,-1.01,-1.25,-1.31,-1.365,-2.615,-0.875,-0.755,-2.03,-1.59,-1.165,-0.99,-0.75,-1.045,-1.23,-1.815,-0.92,-0.525,-2.69,-1.53,-0.86
1-212.txt_139,-0.6749,-1.5074,-0.8867,-1.4581,-2.399,-0.9951,-1.064,-1.7833,-1.6995,-1.3153,-1.3153,-0.9015,-1.2069,-1.3448,-1.8768,-0.5271,-0.5123,-2.5123,-1.0493,-0.8424
1-212.txt_141,-0.7095,-1.3333,-0.8286,-1.1476,-1.6571,-0.7905,-0.7667,-1.7857,-1.2905,-1.1667,-1.1762,-0.8476,-0.8381,-1.3857,-1.8143,-0.1429,-0.3476,-2.3333,-1.2048,-0.7619
1-212.txt_143,-0.7811,-1.4478,-0.9801,-1.4925,-2.5373,-1.0498,-1.1841,-1.9254,-1.8358,-1.4129,-1.2637,-1.0945,-1.2935,-1.602,-2.0697,-0.6716,-0.5721,-2.7214,-1.3781,-0.8905
1-212.txt_145,-0.7967,-1.4396,-1.1484,-1.4945,-2.4945,-1.0714,-1.1538,-1.9011,-1.7967,-1.5495,-1.3407,-0.9725,-1.2637,-1.6319,-1.967,-0.5989,-0.4615,-2.8791,-1.2692,-1.033
1-212.txt_147,-0.3799,-1.1788,-0.743,-1,-1.3855,-0.6872,-0.676,-1.0503,-1.4134,-1.3966,-1.3464,-0.8156,-0.8994,-1.6816,-1.5196,-0.0838,-0.1006,-2.1844,-1.4469,-0.9497
1-212.txt_149,-0.6947,-0.8702,-0.8702,-1.2214,-1.7786,-0.542,-0.5802,-1.5191,-1.0687,-1.4046,-1.2366,-0.5267,-0.7863,-1.5344,-1.5191,-0.4656,-0.6641,-2.1679,-1.0458,-1.0763
1-212.txt_151,-1.0994,-1.2298,-0.6087,-1.2981,-2.882,-0.9814,-1.0683,-2.1553,-1.677,-1.5342,-1.7453,-0.8385,-1.4161,-1.5466,-2.0745,-0.7267,-0.7081,-2.5839,-1.1242,-1.0745
1-212.txt_153,-0.6421,-1.2316,-1.1632,-1.2474,-1.8368,-0.7263,-0.8,-1.6053,-1.5158,-1.2474,-1.1105,-0.8263,-0.6526,-1.4,-1.3947,-0.4105,-0.4368,-2.0737,-1.2526,-0.9737
1-212.txt_155,-1.0552,-1.3315,-1.5359,-1.6243,-2.989,-0.9227,-0.8232,-2.1547,-1.6906,-1.3591,-1.0276,-0.7624,-1.2541,-1.6851,-2.3204,-0.9448,-0.7624,-3.326,-1.9006,-0.9448
1-212.txt_157,-0.7593,-1.5046,-0.9259,-1.3565,-2.4815,-1.2407,-1.1204,-1.7222,-1.7546,-1.1898,-1.2731,-0.8657,-1.1065,-1.412,-1.9352,-0.7407,-0.4722,-2.7037,-1.1991,-0.7963
1-212.txt_159,-1.0523,-1.3372,-1.5,-1.6105,-2.9942,-0.9942,-0.8256,-2.2384,-1.843,-1.3663,-1.1686,-0.9419,-1.2442,-1.7558,-2.3953,-0.8721,-0.593,-3.4012,-1.9244,-0.9709
1-212.txt_161,-0.5482,-0.8072,-0.8916,-1.0482,-1.8614,-0.5482,-0.6386,-1.4518,-1.4458,-1.6024,-1.512,-0.3313,-0.988,-2.0783,-1.5181,-0.3434,-0.3253,-2.4639,-1.5964,-1.2771
1-212.txt_163,-0.4806,-1.1699,-1.1505,-1.3592,-1.6505,-0.7282,-0.8641,-1.767,-1.2087,-1.2524,-1.3447,-0.8252,-0.9563,-1.6359,-1.6359,-0.5485,-0.4709,-2.5,-1.1359,-0.9223
1-212.txt_165,-0.7672,-1.3651,-0.9841,-1.4815,-2.4392,-1.0423,-1.1323,-1.709,-1.6614,-1.4339,-1.3228,-0.9365,-1.2963,-1.4921,-1.8519,-0.6878,-0.6032,-2.6349,-1.2487,-0.8519
1-212.txt_167,-0.3887,-1.6,-1.5549,-1.7915,-2.7746,-0.493,-1.1493,-1.2056,-1.6704,-1.862,-1.4845,-1.1634,-1.3662,-2.1662,0.0789,-0.3324,-0.3493,-3.0676,-1.7831,-1.2732
1-212.txt_169,-0.7534,-1.2735,-1.0269,-1.5022,-1.8251,-0.7758,-0.9821,-1.5919,-1.1525,-1.4574,-1.4439,-0.9058,-0.9238,-1.5157,-1.5695,-0.583,-0.5964,-2.0807,-1.0942,-1.1166
1-212.txt_171,-1.5758,-1.6667,-1.2576,-1.4394,-2.9167,-1,-0.6894,-2.3258,-1.8561,-1.4167,-2.0227,-0.3561,-1.4924,-2,-3.0606,-1,-0.4242,-3.2424,-1.9242,-0.8864
1-212.txt_173,-0.8802,-1.4375,-0.9479,-1.4115,-2.4531,-1.1771,-1.1146,-1.9323,-1.7656,-1.3438,-1.3646,-0.7812,-1.3021,-1.5052,-2.0312,-0.7135,-0.7396,-2.7396,-1.2188,-0.8802
1-212.txt_175,-0.8209,-1.2736,-1.0249,-1.5323,-2.5672,-0.9104,-0.8209,-1.801,-1.6567,-1.5323,-1.3035,-0.796,-1.1244,-1.5075,-1.8557,-0.6468,-0.602,-2.6915,-1.1194,-1.0249
1-212.txt_177,-0.7136,-1.4515,-0.801,-1.3544,-2.5388,-1.1505,-1.0146,-1.8204,-1.6796,-1.4417,-1.4709,-0.7961,-1.3495,-1.3204,-1.9466,-0.6748,-0.5,-2.6019,-0.9757,-0.9951
1-212.txt_179,-0.3106,-1.0383,-0.5149,-1.0894,-1.4298,-0.5915,-0.7872,-1.2596,-1.1277,-1.3617,-1.2426,-0.8894,-0.766,-1.4809,-1.4894,-0.034,-0.1404,-2.1872,-1.1957,-1.034
1-212.txt_181,-1.1222,-1.2778,-1.4667,-1.5389,-3.05,-0.9444,-0.9056,-2.2889,-1.45,-1.3222,-1.0889,-0.9556,-1.1778,-1.5389,-2.3111,-1.0222,-0.6278,-3.2056,-1.8167,-0.9667
1-212.txt_183,-1.2768,-1.339,-1.4124,-1.5141,-3.1751,-1.096,-0.9209,-2.2655,-1.7175,-1.3277,-1.1808,-0.9831,-1.1525,-1.4802,-2.3616,-1.0565,-0.6667,-3.2486,-1.7797,-0.9944
1-212.txt_185,-1.1124,-1.2978,-1.3933,-1.5618,-3.1348,-1.0843,-0.8652,-2.2303,-1.5787,-1.3146,-1.1798,-0.8876,-1.2584,-1.5506,-2.3933,-1,-0.6461,-3.3034,-1.6517,-0.9719
1-212.txt_187,-0.7789,-1.4895,-0.9053,-1.4684,-2.5211,-1.1105,-1.1842,-1.7632,-1.8947,-1.4158,-1.3053,-0.9632,-1.4684,-1.3316,-1.6632,-0.6211,-0.5526,-2.5368,-1.1684,-0.9737
1-212.txt_189,-0.7971,-1.3527,-0.9662,-1.401,-2.3527,-1.1739,-1.1063,-1.8309,-1.7295,-1.3575,-1.3092,-0.8889,-1.0676,-1.4976,-1.7198,-0.628,-0.4831,-2.4541,-1.0918,-0.8502
1-212.txt_191,-0.76,-1.295,-0.91,-1.405,-2.395,-1.2,-1.055,-1.995,-1.63,-1.405,-1.35,-0.935,-1.28,-1.515,-1.84,-0.64,-0.59,-2.7,-1.17,-0.95
1-212.txt_193,-0.6497,-1.0847,-0.8588,-1.113,-1.7797,-0.6271,-0.7401,-1.2994,-1.3164,-1.548,-1.435,-0.4972,-1.0565,-1.7119,-1.5028,-0.4237,-0.4633,-2.3107,-1.2373,-1.1751
1-212.txt_195,-0.8491,-1.2972,-0.7123,-1.3113,-2.3868,-0.9623,-1.0849,-1.5896,-1.7123,-1.3868,-1.4575,-0.8868,-1.4151,-1.1557,-1.7642,-0.5896,-0.5896,-2.3962,-0.9387,-0.9481
1-212.txt_197,-0.8036,-1.4955,-0.9152,-1.2277,-2.5982,-1.067,-1.0268,-1.7589,-1.6741,-1.6384,-1.4821,-1.0804,-1.3661,-1.4955,-1.9375,-0.5625,-0.4464,-2.7009,-1.2812,-1.0446
1-212.txt_199,-1.1921,-1.3446,-1.4633,-1.5706,-3.2203,-0.9322,-0.9096,-2.2768,-1.6893,-1.3559,-1.1977,-0.8814,-1.2147,-1.5198,-2.3107,-0.9153,-0.678,-3.322,-1.6215,-0.9718
1-212.txt_201,-0.5023,-1.3456,-0.7788,-0.7742,-2.0599,-0.7972,-0.7696,-1.4562,-1.4793,-1.5806,-1.4378,-0.4286,-1.2442,-1.5207,-1.7005,-0.2627,-0.2627,-2.5023,-1.1521,-1.1106
1-212.txt_203,-1.1087,-1.288,-1.3261,-1.587,-3.1304,-1.0054,-0.7554,-2.0163,-1.4728,-1.375,-1.1522,-0.9402,-1.2174,-1.4402,-2.2989,-0.9674,-0.6304,-3.1522,-1.7283,-0.875
1-212.txt_205,-0.9138,-1.6264,-0.7816,-1.4943,-2.6379,-1.1092,-1.1724,-1.8276,-1.7471,-1.4425,-1.454,-0.8391,-1.3621,-1.5057,-2.0517,-0.7701,-0.6494,-2.7126,-1.2874,-0.977
1-212.txt_207,-0.5635,-0.989,-0.7845,-1.3646,-1.6133,-0.663,-0.8895,-1.4365,-1.1105,-1.1768,-1.1878,-0.8508,-0.7238,-1.6022,-1.442,-0.4365,-0.4254,-2.3481,-1.1713,-0.8122
1-212.txt_209,-0.7368,-1.1825,-0.9544,-1.1684,-2.4456,-0.6807,-0.6035,-1.8105,-1.7439,-1.4281,-1.3404,-0.6281,-1.3158,-1.6947,-1.3474,-0.5158,-0.5158,-2.6947,-1.4632,-0.9053
1-212.txt_211,-1.3333,-1.4503,-1.4152,-1.6023,-3.0702,-1.1111,-0.8655,-2.4561,-1.4912,-1.2865,-1.2281,-0.6842,-1.0117,-1.7427,-2.4912,-0.9766,-0.5263,-3.3567,-1.7251,-0.9766
1-212.txt_213,-0.945,-1.21,-1.475,-1.605,-2.58,-0.905,-0.995,-1.895,-1.735,-1.295,-0.84,-0.755,-1.125,-1.555,-1.975,-0.73,-0.64,-2.835,-1.8,-0.925
1-212.txt_215,-1.0208,-1.2656,-1.3958,-1.6823,-2.974,-0.9948,-0.8698,-2.151,-1.5885,-1.4219,-1.1354,-0.901,-1.2656,-1.6719,-2.1146,-0.8125,-0.6667,-3.1979,-1.7448,-0.9792
1-212.txt_217,-1.0214,-1.6471,-1.2139,-1.4278,-2.8289,-1.0963,-1.0428,-2.0267,-1.8235,-1.5294,-1.262,-1.016,-1.2086,-1.4599,-2.107,-0.6791,-0.4866,-2.9251,-1.2781,-1.0374
1-212.txt_219,-0.5261,-0.915,-0.5654,-1.0261,-1.6699,-0.549,-0.6307,-1.5882,-1.1438,-1.2778,-1.1536,-0.6536,-0.7124,-1.6046,-1.2908,-0.2026,-0.3431,-2.3725,-1.2418,-0.9869
1-212.txt_221,-0.5397,-1.2222,-0.6032,-1.1481,-1.4921,-0.836,-0.8783,-1.2804,-1.1534,-1.291,-1.291,-0.8836,-0.873,-1.4392,-1.4286,-0.2381,-0.291,-2.127,-1.0423,-0.9365
1-212.txt_223,-1.1889,-1.25,-1.3278,-1.5389,-3.1722,-0.9722,-0.8389,-2.0833,-1.5611,-1.2278,-1,-0.9389,-1.1611,-1.6389,-2.3167,-0.9833,-0.6667,-3.3333,-1.7611,-0.9222
1-212.txt_225,-0.934,-1.4009,-1.2783,-1.5189,-2.6698,-0.9292,-1.0613,-1.967,-1.8538,-1.4858,-1.2123,-0.9292,-1.1887,-1.5425,-1.9906,-0.6415,-0.434,-2.75,-1.3632,-1.0425
1-212.txt_227,-0.4068,-1.5198,-1.1243,-1.5311,-1.6045,-0.9661,-1.2203,-1.2034,-1.5028,-1.1977,-1.2429,-1.0791,-0.7966,-1.6723,-1.6893,-0.3729,-0.3277,-2.4407,-1.3672,-0.774
1-212.txt_229,-0.8227,-1.4729,-0.7833,-1.2709,-2.4778,-1.0936,-1.0739,-1.7833,-1.6453,-1.3842,-1.3103,-0.9261,-1.33,-1.197,-1.9606,-0.5764,-0.4631,-2.5468,-1.0542,-0.9163
1-212.txt_231,-0.9469,-1.1111,-1.1353,-1.1256,-2.4638,-0.6473,-0.5459,-2.0676,-1.2802,-1.2995,-1.2029,-0.6184,-1.0048,-1.4879,-1.913,-0.7923,-0.7295,-2.5266,-1.4686,-1.1594
1-212.txt_233,-0.6753,-1.3853,-0.8355,-1.2987,-2.316,-1.1385,-1.1126,-1.7749,-1.671,-1.3117,-1.2987,-0.8398,-1.2294,-1.3074,-1.8874,-0.4978,-0.4848,-2.5022,-1.1212,-0.9091
1-212.txt_235,-1.3051,-1.3785,-1.3446,-1.452,-2.9435,-0.9887,-0.7627,-2.3729,-1.5876,-1.3107,-1.1977,-0.7458,-1.096,-1.7966,-2.3955,-1.0169,-0.548,-3.4915,-1.6723,-1.0226
1-212.txt_237,-0.869,-1.1862,-0.6655,-1.1414,-2.3414,-0.769,-0.7793,-1.8759,-1.5207,-1.2828,-1.2517,-0.6793,-1.1276,-1.4069,-1.7586,-0.5276,-0.5448,-2.5,-1.0931,-0.8345
1-212.txt_239,-0.8458,-1.4925,-0.8657,-1.4229,-2.607,-0.9552,-1.2139,-1.8557,-1.7463,-1.5174,-1.4975,-0.8706,-1.5224,-1.204,-1.9254,-0.7214,-0.4328,-2.5622,-0.9851,-1.0547
1-212.txt_241,-0.6419,-1.3144,-0.5459,-0.8297,-1.8559,-0.6943,-0.6114,-1.5677,-1.3799,-1.4541,-1.3843,-0.7424,-0.9869,-1.5939,-1.7642,-0.393,-0.0524,-2.3057,-1.1266,-1.0262
1-212.txt_243,-1.1526,-1.2,-1.5,-1.5579,-3.0737,-0.9421,-0.7895,-2.3632,-1.4789,-1.3421,-1.1579,-0.7947,-1.2263,-1.5684,-2.1895,-0.9579,-0.6842,-3.3474,-1.7211,-0.9684
1-212.txt_245,-1.0649,-1.2757,-1.3838,-1.5027,-3.0757,-0.8162,-0.7405,-2.0324,-1.5838,-1.3459,-1.0919,-0.8,-1.0919,-1.4486,-2.2919,-0.8486,-0.6216,-3.1297,-1.6,-0.8757
1-212.txt_247,-1.1818,-1.375,-1.4659,-1.4318,-3.1875,-1.0455,-0.8239,-2.2784,-1.8068,-1.4148,-1.0739,-1.0511,-1.2159,-1.6023,-2.3409,-0.9545,-0.5682,-3.2443,-1.8807,-1.1136
1-212.txt_249,-0.9756,-1.439,-0.9106,-1.3659,-2.0813,-0.7886,-0.935,-1.8049,-1.2683,-0.9919,-1.0813,-1.122,-0.6829,-1.5691,-1.878,-0.8211,-0.6911,-2.7073,-1.0813,-0.878
1-212.txt_251,-0.785,-1.335,-0.895,-1.46,-2.295,-1.145,-1.16,-2.005,-1.585,-1.5,-1.415,-0.88,-1.32,-1.52,-1.84,-0.72,-0.65,-2.695,-1.195,-0.94
1-212.txt_253,-0.6995,-1.1527,-0.8424,-1.4335,-2.3448,-1.0296,-1.0345,-1.7833,-1.6552,-1.4877,-1.3892,-0.8818,-1.1724,-1.5764,-1.6158,-0.6404,-0.6355,-2.5567,-1.2118,-0.8571
1-212.txt_255,-0.662,-1.1296,-1.0278,-1.1389,-2.463,-0.5509,-0.6111,-1.6991,-0.9398,-1.713,-1.6111,-0.3981,-1.0926,-1.5694,-1.8565,-0.5787,-0.588,-2.1852,-0.8194,-1.3889
1-212.txt_257,-1.2601,-1.3988,-1.5029,-1.6185,-3.1329,-1.0058,-0.8324,-2.3064,-1.5665,-1.4277,-1.3468,-0.7457,-1.2139,-1.6127,-2.4046,-0.9364,-0.5896,-3.4566,-1.6994,-1.0694
1-212.txt_259,-0.8839,-1.1562,-0.6205,-1.433,-1.8482,-0.8036,-1.0402,-1.683,-1.125,-1.2321,-1.2946,-0.9286,-0.7589,-1.3393,-1.7366,-0.4464,-0.1518,-2.317,-1.0045,-0.9732
1-212.txt_261,-1,-1.5602,-1.1309,-1.5812,-2.7487,-1.0942,-1.0733,-2.0052,-1.9005,-1.3979,-1.2251,-0.9058,-1.4136,-1.4293,-2.1361,-0.7068,-0.3927,-2.8691,-1.3298,-1.0524
1-212.txt_263,-1.1784,-1.3892,-1.3946,-1.5297,-3.1459,-1.0054,-0.8757,-2.2541,-1.5459,-1.4216,-1.1081,-0.9297,-1.2811,-1.5622,-2.3892,-0.9459,-0.6703,-3.4054,-1.8,-1.0595
1-212.txt_265,-0.9296,-1.6281,-1.5578,-1.8945,-2.6432,-1.1307,-1.1558,-2.407,-1.3467,-1.4975,-1.1759,-0.9698,-0.8894,-1.5176,-2.2814,-1.4673,-1.3467,-2.995,-1.3467,-1.3467
1-212.txt_267,-0.7059,-1.4559,-0.9412,-1.4167,-2.2647,-0.9902,-1.1225,-1.6471,-1.7451,-1.3922,-1.2696,-0.9461,-1.2696,-1.3627,-1.6324,-0.5147,-0.5196,-2.5392,-1.1814,-0.8873
1-212.txt_269,-1.1148,-1.3661,-1.3333,-1.4809,-3.0929,-0.9235,-0.8579,-2,-1.5519,-1.2896,-1.0383,-0.8306,-1.2295,-1.4918,-2.2459,-0.929,-0.623,-3.3443,-1.5792,-0.9781
1-212.txt_271,-0.1892,-1.0649,-0.8162,-0.9351,-1.4541,-0.5027,-0.5189,-1.4,-1.373,-1.1189,-1.1189,-0.7027,-0.6757,-1.6108,-1.5405,-0.0865,-0.3784,-2.4486,-1.3784,-0.7514
1-212.txt_273,-1.0404,-1.303,-1.2424,-1.4141,-2.8283,-0.9293,-0.798,-1.9495,-1.5455,-1.3384,-1.0707,-0.8182,-1.2424,-1.4444,-1.9192,-0.9747,-0.5707,-2.9545,-1.5303,-1
1-212.txt_275,-1.1005,-1.2261,-1.3467,-1.392,-2.8442,-0.8995,-0.7085,-1.9246,-1.5176,-1.2563,-1.1106,-0.809,-1.1809,-1.4774,-1.9347,-0.8492,-0.5829,-2.9246,-1.6734,-0.9799
1-212.txt_277,-1.0435,-1.3152,-1.4076,-1.5652,-3.1359,-0.9185,-0.7717,-2.25,-1.5978,-1.2609,-1.1739,-0.8696,-1.3587,-1.5217,-2.3424,-0.9457,-0.6793,-3.25,-1.6304,-0.9837
1-212.txt_279,-1.085,-1.245,-1.26,-1.435,-2.705,-0.875,-0.72,-1.965,-1.415,-1.245,-1.125,-0.78,-1.175,-1.425,-1.92,-0.95,-0.545,-2.875,-1.575,-0.93
1-212.txt_281,-1.025,-1.295,-1.345,-1.405,-2.77,-1.055,-0.82,-1.915,-1.675,-1.24,-1.045,-0.855,-1.085,-1.285,-1.84,-0.865,-0.55,-2.78,-1.61,-0.925
1-212.txt_283,-1.04,-1.225,-1.315,-1.31,-2.705,-0.83,-0.815,-2.03,-1.555,-1.255,-1.025,-0.795,-1.105,-1.335,-1.905,-0.92,-0.575,-2.8,-1.63,-0.915
1-212.txt_285,-1.0254,-1.2944,-1.3046,-1.4569,-2.8528,-1.0355,-0.8477,-1.9746,-1.6041,-1.2132,-1.0711,-0.8376,-1.203,-1.2944,-1.9137,-0.9645,-0.533,-2.9492,-1.5736,-0.9543
1-212.txt_287,-0.8902,-1.2744,-1.3659,-1.8171,-2.8537,-0.8659,-1.0366,-1.7561,-1.5244,-1.3963,-0.9817,-0.872,-0.9817,-1.5732,-1.75,-0.7378,-0.5122,-2.6829,-1.6768,-1.0061
1-212.txt_289,-0.8764,-1.3708,-1.7247,-1.6292,-2.9045,-1.1011,-0.7809,-2.0449,-1.809,-1.4382,-1.0337,-0.8596,-1.0112,-1.8146,-2.0337,-0.7978,-0.764,-3.5225,-2.118,-0.8764
1-212.txt_291,-0.9341,-1.3352,-1.6264,-1.6868,-3.0769,-0.978,-0.978,-2.1154,-1.6374,-1.5165,-0.989,-0.9066,-1.3022,-1.8077,-2.2802,-0.8132,-0.6044,-2.956,-1.9011,-1.0385
1-212.txt_293,-1.044,-1.3022,-1.4451,-1.6484,-3.022,-1.0165,-0.989,-2.2088,-1.5934,-1.5,-1.0604,-0.9176,-1.1758,-1.7857,-2.3681,-0.9341,-0.6319,-3.1154,-1.8956,-1.0769
1-212.txt_295,-1.0833,-1.35,-1.5056,-1.6,-3.0333,-0.95,-0.8833,-2.3222,-1.5944,-1.4278,-1.0111,-0.7833,-1.2167,-1.6556,-2.4111,-0.9167,-0.6944,-3.3722,-1.9444,-1
1-212.txt_297,-0.8304,-1.058,-1.2232,-1.1696,-2.442,-0.7812,-0.8393,-1.6295,-1.4955,-1.0536,-0.8705,-0.7455,-0.8348,-1.2589,-1.567,-0.7545,-0.5625,-2.308,-1.4554,-0.9286
1-212.txt_299,-0.9485,-1.1588,-1.1073,-1.3047,-2.5751,-0.824,-0.8541,-1.8412,-1.5751,-1.2017,-1.0043,-0.6824,-0.97,-1.3133,-1.7811,-0.8283,-0.5236,-2.6695,-1.4506,-0.9142
1-212.txt_301,-1.0622,-1.3368,-1.7358,-1.7824,-2.9067,-1.0933,-0.7979,-2.3472,-1.6218,-1.4767,-1.1762,-0.9171,-1.1347,-1.6166,-2.2798,-0.8549,-0.8394,-3.2073,-1.7668,-0.9845
1-212.txt_303,-0.4043,-1.0904,-0.6596,-1.1968,-1.6809,-0.7713,-0.8138,-1.0372,-1.3511,-1.3032,-1.3032,-0.7606,-0.7979,-1.4202,-1.5479,-0.0798,-0.367,-2.1383,-1.2926,-0.9628
1-212.txt_305,-0.3606,-1.2681,-0.698,-0.6502,-2.0786,-0.812,-0.8012,-1.1125,-1.4869,-1.621,-1.6502,-0.9199,-1.2542,-1.8983,-1.2096,-0.151,-0.3898,-2.4407,-1.5901,-1.1202
1-212.txt_307,-1.1071,-1.25,-1.4184,-1.4898,-3.0306,-0.9031,-0.8061,-2.0357,-1.6378,-1.2347,-1.0714,-0.898,-1.1582,-1.5459,-2.0612,-0.9592,-0.5969,-2.9949,-1.7296,-1.0102
1-212.txt_309,-1.0253,-1.3131,-1.2727,-1.4091,-2.803,-0.9444,-0.8182,-1.9293,-1.5909,-1.2525,-1.1061,-0.8889,-1.1566,-1.3687,-1.9293,-0.9949,-0.5101,-2.9646,-1.6515,-0.9646
1-212.txt_311,-1,-1.1498,-1.285,-1.4734,-2.8502,-0.8164,-0.8164,-1.8502,-1.5217,-1.2126,-0.9758,-0.8502,-1.1111,-1.5797,-1.9179,-0.9565,-0.5797,-2.971,-1.7391,-0.9855
1-212.txt_313,-1.096,-1.2576,-1.3636,-1.4242,-2.9646,-0.8687,-0.8182,-2.0455,-1.6667,-1.2626,-1.1263,-0.8687,-1.1667,-1.4646,-2.0101,-0.9747,-0.5455,-2.9495,-1.6515,-1.0303
1-212.txt_315,-1.0657,-1.298,-1.3535,-1.4545,-2.798,-0.9949,-0.8636,-2,-1.596,-1.2323,-1.0354,-0.8283,-1.1515,-1.4697,-1.9343,-0.9394,-0.5758,-2.8232,-1.6212,-0.9545
1-212.txt_317,-1.0505,-1.3384,-1.2727,-1.3788,-2.7677,-0.9545,-0.8232,-1.9343,-1.5909,-1.2475,-1.0808,-0.9091,-1.1515,-1.3788,-1.9747,-0.9848,-0.5,-2.9444,-1.6667,-0.9747
1-212.txt_319,-1.0758,-1.2525,-1.3384,-1.4596,-2.8788,-1,-0.8232,-2.0051,-1.5556,-1.2879,-1.0758,-0.7828,-1.202,-1.5657,-1.9192,-0.904,-0.5354,-2.8788,-1.596,-0.9545
1-212.txt_321,-1.0955,-1.2714,-1.2613,-1.3769,-2.8191,-0.9397,-0.7889,-1.9899,-1.5377,-1.3216,-1.1859,-0.8191,-1.3015,-1.5176,-1.8945,-0.9296,-0.5276,-2.8342,-1.5427,-0.995
1-212.txt_323,-1.0253,-1.298,-1.303,-1.4545,-2.7677,-1,-0.8131,-1.9192,-1.596,-1.2071,-1.0707,-0.8283,-1.1212,-1.3838,-1.8687,-0.8838,-0.5404,-2.8434,-1.5556,-0.9192
1-212.txt_325,-1.07,-1.205,-1.285,-1.41,-2.74,-0.875,-0.76,-1.925,-1.51,-1.25,-1.155,-0.86,-1.215,-1.445,-1.985,-0.965,-0.555,-2.845,-1.645,-1.045
1-212.txt_327,-1.0404,-1.2929,-1.303,-1.3939,-2.8939,-1.0101,-0.8687,-1.8889,-1.5455,-1.3535,-1.0859,-0.7727,-1.2172,-1.4747,-1.8384,-0.8838,-0.5404,-2.8283,-1.6061,-1.0404
1-212.txt_329,-1.096,-1.2828,-1.3485,-1.4697,-2.8889,-1.0404,-0.8737,-1.9949,-1.6212,-1.3131,-1.0758,-0.8081,-1.2121,-1.5556,-1.9596,-0.9091,-0.5859,-2.9697,-1.6717,-0.9646
1-212.txt_331,-1.0804,-1.2462,-1.3166,-1.4221,-2.8141,-0.9196,-0.9095,-1.9497,-1.593,-1.206,-1.1307,-0.8442,-1.1809,-1.4774,-1.9095,-0.9648,-0.5176,-2.9497,-1.6834,-0.9899
1-212.txt_333,-1.0874,-1.3169,-1.1858,-1.5246,-3.0874,-0.9945,-0.8579,-2.2077,-1.5246,-1.2842,-1.1311,-0.8033,-1.1148,-1.3388,-2.377,-0.9891,-0.6503,-2.9399,-1.5464,-0.9344
1-212.txt_335,-0.8848,-1.3152,-1.3879,-1.5879,-2.6606,-0.9333,-1.1394,-1.8424,-1.5939,-1.4303,-1.0061,-0.8545,-1.1455,-1.4061,-1.9212,-0.7758,-0.5455,-2.7758,-1.6727,-0.9879
1-212.txt_337,-0.6483,-1.189,-1.244,-1.567,-2.4163,-0.8158,-0.8804,-1.6627,-1.3876,-1.512,-1.2297,-0.9139,-1.0718,-1.6866,-1.323,-0.6268,-0.5407,-2.7225,-1.6483,-1.11
1-212.txt_339,-1.0237,-1.2844,-1.2844,-1.4455,-2.7488,-0.9289,-0.7678,-1.9905,-1.545,-1.3223,-1.0664,-0.8341,-1.1611,-1.4692,-1.9147,-0.9289,-0.6114,-2.7915,-1.6256,-0.981
1-212.txt_341,-1.0955,-1.2111,-1.2814,-1.3618,-2.8844,-0.9246,-0.7638,-1.9849,-1.5226,-1.3116,-1.1055,-0.7688,-1.1407,-1.5678,-1.9045,-0.9899,-0.593,-2.8291,-1.5427,-1.0452
1-212.txt_343,-1.1206,-1.2663,-1.2864,-1.392,-2.8191,-0.9095,-0.8392,-2,-1.4925,-1.2764,-1.0452,-0.8191,-1.0854,-1.4874,-1.9095,-0.9497,-0.5829,-2.7889,-1.5276,-1.0201
1-212.txt_345,-1.0354,-1.2525,-1.3434,-1.4343,-2.803,-0.9949,-0.9495,-2.0152,-1.5253,-1.2828,-1.0303,-0.7778,-1.1717,-1.5,-2,-0.9646,-0.6212,-2.9242,-1.5758,-0.9848
1-212.txt_347,-1.0673,-1.2115,-1.2933,-1.399,-2.7692,-0.9615,-0.8654,-1.9231,-1.6202,-1.2356,-1.0529,-0.8221,-1.0721,-1.5288,-1.8558,-0.8846,-0.5721,-2.875,-1.6587,-0.9087
1-212.txt_349,-1.0761,-1.3152,-1.3696,-1.6359,-3.1522,-0.962,-0.913,-2.212,-1.5326,-1.2609,-1.1141,-0.9293,-1.0435,-1.4348,-2.4022,-1.0217,-0.6902,-3.0761,-1.6304,-0.9728
1-212.txt_351,-1.0337,-1.25,-1.3846,-1.4712,-2.7308,-0.9279,-0.8558,-1.9375,-1.6202,-1.2019,-1.0721,-0.851,-1.0913,-1.375,-1.8702,-0.9135,-0.5288,-2.9087,-1.6442,-0.9231
1-212.txt_353,-0.8165,-1.3101,-1.4684,-1.6456,-2.8861,-0.8418,-1.0443,-1.8101,-1.481,-1.3734,-1.0506,-0.9304,-1.0063,-1.5823,-1.8481,-0.7595,-0.5,-2.7342,-1.7152,-1.0127
1-212.txt_355,-0.8506,-1.3966,-1.5287,-1.5632,-2.6437,-0.954,-0.9425,-1.8793,-1.6379,-1.2356,-0.9943,-0.8851,-0.8678,-1.5517,-1.7759,-0.7356,-0.6034,-2.8448,-1.7644,-0.9023
1-212.txt_357,-0.8333,-1.3621,-1.5402,-1.5575,-2.6264,-0.9483,-0.9598,-1.9195,-1.7299,-1.2184,-1.0345,-0.8851,-0.9195,-1.4885,-1.8563,-0.7241,-0.6149,-2.8621,-1.7816,-0.8908
1-212.txt_359,-1.033,-1.3571,-1.5,-1.8022,-2.9505,-1.0495,-0.9725,-2.1484,-1.6209,-1.4176,-1.022,-0.9396,-1.1154,-1.7308,-2.3132,-0.9451,-0.6429,-3.2308,-1.8571,-1.022
1-212.txt_361,-1.0308,-1.2769,-1.4051,-1.6513,-2.959,-1,-0.7949,-2.1641,-1.7282,-1.4308,-1.2103,-0.8308,-1.2769,-1.6667,-1.9949,-0.8205,-0.6256,-3.1436,-1.7436,-1.0103
1-212.txt_363,-1.0773,-1.4144,-1.5138,-1.6851,-2.9448,-0.9503,-0.8785,-2.1547,-1.7238,-1.3867,-0.9724,-0.7735,-1.2099,-1.5856,-2.2928,-0.9558,-0.7293,-3.3315,-1.8453,-0.9337
1-212.txt_365,-1.0051,-1.2424,-1.3434,-1.404,-2.7778,-0.9646,-0.8586,-1.8737,-1.6364,-1.2626,-1.0606,-0.8838,-1.101,-1.4343,-1.8687,-0.9444,-0.4949,-2.9444,-1.6313,-1.0303
1-212.txt_367,-0.8368,-1.318,-1.431,-1.5858,-2.4519,-0.8745,-0.9791,-1.8954,-1.5941,-1.3598,-1.0293,-0.8033,-1.0335,-1.6192,-2.113,-0.7197,-0.6025,-3.0628,-1.7782,-0.9498
1-212.txt_369,-1.3006,-1.4104,-1.4393,-1.5376,-3.2601,-1.1156,-0.8266,-2.2775,-1.7225,-1.4913,-1.3121,-1.0405,-1.422,-1.5376,-2.2659,-1.0694,-0.6474,-3.1618,-1.8035,-1.0636
1-212.txt_371,-0.8557,-1.408,-0.801,-1.2587,-2.3632,-1.0448,-0.9652,-1.6567,-1.5323,-1.5274,-1.5771,-0.8905,-1.3881,-1.6368,-1.6716,-0.5721,-0.5075,-2.408,-1.2289,-1.01
1-212.txt_373,-0.9711,-1.3699,-1.4277,-1.4566,-2.6012,-0.8728,-1.1272,-1.8266,-1.8844,-1.3584,-1.1156,-0.9075,-1.0289,-1.7977,-1.711,-0.6994,-0.6185,-2.7861,-1.7919,-1.0636
1-212.txt_375,-0.9419,-1.436,-1.7151,-1.6279,-3.1453,-1.1628,-0.8198,-2.1163,-1.7558,-1.4709,-1.0814,-0.8663,-1.1337,-1.7674,-2.0581,-0.9651,-0.7558,-3.4767,-2.0756,-0.8721
1-212.txt_377,-0.7857,-1.2041,-1.6684,-1.5663,-2.6837,-0.9796,-0.6276,-1.7857,-1.6888,-1.4694,-1.0204,-0.7449,-1.0714,-1.7347,-1.8316,-0.8163,-0.7449,-3.2755,-2.0357,-0.8878
1-212.txt_379,-1.1359,-1.3043,-1.3587,-1.5109,-3.1359,-0.9402,-0.837,-2.1685,-1.5272,-1.413,-1.2065,-0.788,-1.1957,-1.625,-2.2663,-0.9891,-0.6793,-3.2717,-1.7228,-1
1-212.txt_381,-0.7624,-1.3366,-1.6436,-1.6881,-2.6832,-1.0743,-0.7921,-1.7723,-1.7673,-1.5396,-1.0693,-0.8218,-1.0891,-1.7871,-2.005,-0.7327,-0.7327,-3.3416,-2.0792,-0.9752
1-212.txt_383,-1.0944,-1.3056,-1.5222,-1.7222,-3.0444,-0.9556,-0.8833,-2.2222,-1.7556,-1.4333,-1.0667,-0.8222,-1.3444,-1.7111,-2.2222,-0.8944,-0.6556,-3.3611,-1.9,-1.05
1-212.txt_385,-1.1,-1.2833,-1.4889,-1.6889,-3.1056,-1.0889,-1.0167,-2.1611,-1.7667,-1.3889,-1.0778,-0.9444,-1.2278,-1.5944,-2.1722,-0.8778,-0.5667,-3.1111,-1.7833,-1.0167
1-212.txt_387,-1.099,-1.3229,-1.3438,-1.6042,-3.0417,-0.8906,-0.7656,-2.0781,-1.599,-1.3438,-1.0781,-0.8854,-1.1875,-1.5156,-2.1927,-0.9635,-0.6979,-3.0677,-1.6771,-0.9427
1-212.txt_389,-1.0546,-1.2459,-1.2842,-1.4098,-3.1148,-0.9126,-0.7268,-2,-1.6066,-1.3989,-1.1202,-0.765,-1.1585,-1.5956,-2.2951,-0.9891,-0.6557,-3.1967,-1.7104,-0.9454
1-212.txt_391,-1.0235,-1.3099,-1.1737,-1.4789,-2.8967,-0.8638,-0.7136,-1.8638,-1.507,-1.3568,-1.1362,-0.8967,-1.0939,-1.4695,-2,-0.723,-0.5681,-3.0423,-1.8216,-0.9437
1-212.txt_393,-1.0365,-1.2552,-1.4792,-1.5469,-2.6979,-0.9792,-0.9115,-2.1094,-1.651,-1.3021,-1.1094,-0.8646,-1.1406,-1.651,-2.0417,-1,-0.6719,-2.8854,-1.7969,-0.9792
1-212.txt_395,-1.0707,-1.2475,-1.3636,-1.3737,-2.8283,-0.9798,-0.8081,-2.0253,-1.4899,-1.2323,-1.0404,-0.8081,-1.0808,-1.399,-1.9293,-1.0303,-0.5101,-2.9293,-1.596,-0.9646
1-212.txt_397,-1.096,-1.2475,-1.404,-1.4242,-2.7727,-1.0253,-0.8838,-2.0606,-1.5253,-1.2374,-1.0909,-0.8434,-1.0909,-1.4242,-1.9747,-0.9545,-0.596,-2.7778,-1.5758,-0.9899
1-212.txt_399,-1.0505,-1.2929,-1.3737,-1.3333,-2.7273,-0.9596,-0.8434,-2,-1.5556,-1.2475,-1.0657,-0.8081,-1.2121,-1.3535,-1.9596,-0.9293,-0.5707,-2.9596,-1.6364,-0.9444
1-212.txt_401,-1.2601,-1.3353,-1.4509,-1.5838,-3.2254,-1.1156,-0.8613,-2.2832,-1.6705,-1.3931,-1.2543,-1.0116,-1.3931,-1.5896,-2.3988,-1.0983,-0.6532,-3.2081,-1.8035,-1.0231
1-212.txt_403,-1.0761,-1.2589,-1.4315,-1.4721,-2.8528,-1.0508,-0.9645,-2.0914,-1.6853,-1.1878,-0.9898,-0.9036,-1.1523,-1.4569,-2.0406,-0.9543,-0.6497,-2.8985,-1.6599,-1.0355
1-212.txt_405,-1.0631,-1.2252,-1.2793,-1.5676,-2.8964,-0.9369,-0.8829,-2.0946,-1.5721,-1.3243,-1.1036,-0.8829,-1.0766,-1.5901,-2.0495,-0.8018,-0.5991,-3.045,-1.7568,-0.9369
1-212.txt_407,-0.9421,-1.3316,-0.5947,-1.1421,-2.5053,-1,-0.9,-1.6684,-1.4789,-1.6,-1.6632,-0.7579,-1.4263,-1.5474,-1.7632,-0.5789,-0.6632,-2.2684,-1.1211,-1.1105
1-212.txt_409,-0.8327,-1.0571,-1.2245,-1.2408,-2.3755,-0.698,-0.6163,-1.5306,-1.351,-1.1633,-0.8163,-0.8,-0.8286,-1.1878,-1.6122,-0.6449,-0.5918,-2.3837,-1.3347,-0.8449
1-212.txt_411,-0.5516,-1.2908,-0.7364,-1.2038,-1.9946,-0.8424,-0.8668,-1.75,-1.4185,-1.2826,-1.3533,-0.7799,-1.0163,-1.5652,-1.5679,-0.2826,-0.413,-2.4973,-1.1902,-0.8451
1-212.txt_413,-1.0707,-1.3043,-1.3152,-1.4239,-3.0978,-0.9293,-0.7826,-2.0543,-1.5707,-1.4293,-1.2446,-0.8859,-1.3098,-1.6033,-2.2174,-0.9837,-0.6576,-3.2446,-1.6793,-1.0326
1-212.txt_415,-1.2541,-1.2597,-1.442,-1.5083,-3.337,-0.8398,-0.7514,-2.3867,-1.5691,-1.2486,-1.1823,-0.8343,-1.2044,-1.6464,-2.4199,-0.9558,-0.7182,-3.3978,-1.8674,-0.9227
1-212.txt_417,-1.0378,-1.4216,-0.573,-1.2,-2.5135,-1,-1.027,-1.8973,-1.5243,-1.5081,-1.6919,-0.8541,-1.4378,-1.5622,-1.7243,-0.6595,-0.6541,-2.4,-1.0486,-1.1405
1-212.txt_419,-1.0324,-1.4649,-0.6919,-1.2973,-2.4432,-1.0486,-1.0054,-1.8703,-1.5622,-1.4486,-1.7081,-0.7946,-1.4,-1.5297,-1.7892,-0.7081,-0.6649,-2.4757,-1.0486,-1.1514
1-212.txt_421,-0.1695,-0.9153,-0.6384,-0.9661,-1.7345,-0.4915,-0.3955,-1.1412,-1.4915,-1.3107,-1.2542,-0.4068,-0.8701,-1.8475,-1.4576,0.0904,-0.2203,-2.4181,-1.6384,-0.8305
1-212.txt_423,-0.3776,-1.035,-0.6084,-1.1119,-1.6923,-0.5455,-0.6573,-1.2727,-1.3986,-1.2028,-1.1608,-0.6503,-0.6783,-1.8671,-1.3007,-0.1049,-0.1259,-2.3636,-1.5804,-0.7762
