#name,V1,V2,V3,V4,V5,V6,V7,V8,V9,V10,V11,V12,V13,V14,V15,V16,V17,V18,V19,V20,V21,V22,V23,V24,V25,V26,V27,V28,V29,V30,V31,V32,V33,V34,V35,V36,V37,V38,V39,V40
1-212.txt_1,-0.8051,-1.3692,-0.9333,-1.359,-2.3897,-1.1026,-1.0872,-1.8923,-1.6103,-1.4051,-1.4513,-0.9077,-1.4154,-1.4718,-1.8769,-0.6462,-0.5744,-2.5436,-1.0359,-0.8308,8.4897,9.8866,14.4072,14.7216,11.0309,7.5103,10.732,11.4845,10.933,13.0567,11.9278,11.6134,8.9794,19.1237,10.3711,8.0515,8.4072,19.3763,18.6495,12.701
1-212.txt_3,-0.4848,-1.0364,-0.8424,-1.0364,-1.8848,-0.6182,-0.8485,-1.4,-1.5394,-1.5818,-1.503,-0.5394,-0.9697,-2.0485,-1.5091,-0.2788,-0.2364,-2.4,-1.6121,-1.2424,5.5427,8.9085,10.3902,14.0427,10.622,8.122,7.189,12.3963,4.9268,7.6341,8.8598,9.6768,4.878,10.5244,11.8049,5.3598,7.5427,12.1951,7.0183,8.25
1-212.txt_5,-0.9211,-1.3895,-0.9789,-1.5053,-2.6105,-1.0421,-1.0842,-1.8421,-1.7211,-1.3684,-1.3053,-0.9842,-1.3421,-1.1895,-1.8947,-0.6895,-0.5053,-2.6895,-1.1211,-0.9842,7.5026,10.2487,14.1376,15.5661,13.381,10.2169,11.9471,13.873,10.1005,11.1746,11.3968,11.7302,9.2116,21.9101,9.8148,9.2063,10.4392,17.2487,20.0688,10.709
1-212.txt_7,-0.75,-1.1875,-0.875,-1.3864,-2.4148,-0.9943,-0.7386,-1.608,-1.7443,-1.4318,-1.3807,-0.8011,-1.0341,-1.5057,-1.5341,-0.517,-0.517,-2.3693,-1.1023,-0.9943,5.8286,10.4914,12.6457,13.4571,6.7143,6.8,11.52,11.8229,4.5086,13.08,11.48,10.3314,9.4114,14.9029,13.2343,6.4571,8.32,12.3886,15.7543,12.2171
1-212.txt_9,-1.1237,-1.2688,-1.3978,-1.4409,-2.7473,-1.043,-0.7688,-2.0108,-1.5376,-1.2957,-1.1398,-0.7634,-1.0806,-1.5968,-2.1935,-0.9785,-0.672,-2.9624,-1.7312,-0.8441,6.9676,12.5784,12.5514,14.8595,17.5622,13.4757,13.6541,13.7405,12.3838,13.3514,14.7838,12.6703,14.2865,20.4973,12.1351,7.9135,11.2054,15.4432,13.1189,10.4973
1-212.txt_11,-0.6617,-0.8195,-0.7293,-1.1654,-1.8609,-0.5038,-0.6128,-1.6654,-1.0263,-1.2143,-1.0865,-0.6241,-0.6203,-1.5,-1.5639,-0.3647,-0.6053,-2.218,-1.1015,-1.0038,4.3774,8.3208,9.717,11.4679,6.9434,5.8491,8.8038,9.8604,8.0943,9.7849,9.5472,6.7132,5.7774,9.766,8.0491,5.5736,4.5283,10.4717,9.7057,7.6453
1-212.txt_13,-1.3179,-1.3815,-1.341,-1.578,-3.0405,-1.0231,-0.7572,-2.3121,-1.5491,-1.2659,-1.2139,-0.6763,-1.2023,-1.6705,-2.4046,-0.9711,-0.6301,-3.3179,-1.5145,-0.9942,6.436,12.8721,15.7674,14.2733,15.7791,11.3198,15.436,13.8953,14.0116,13.5174,14.843,14.1453,13.2558,20.343,11.1221,9.0291,10.0523,13.0756,14.5174,10.7907
1-212.txt_15,-1.0924,-1.3207,-1.288,-1.4837,-3.1359,-0.9076,-0.8478,-2.163,-1.5272,-1.2826,-1.1033,-0.8641,-1.125,-1.5109,-2.2609,-0.9674,-0.625,-3.2554,-1.7717,-0.8967,7.6557,13.1093,11.0273,13.6175,14.9563,10.7923,15.5246,14.7268,12.082,13.1858,13.5847,15.0601,14.2568,19.6831,13.071,8.4372,10.7104,17.7869,15.3115,10.6393
1-212.txt_17,-0.796,-1.5323,-0.8507,-1.3483,-2.6318,-1.1393,-0.9552,-1.8955,-1.7612,-1.5224,-1.4229,-0.9055,-1.5522,-1.2786,-2,-0.7114,-0.5572,-2.6915,-1.01,-0.9204,7.54,10.77,12.69,18.345,14.05,8.63,11.76,12.275,11.41,11.635,10.555,11.585,9.265,21.125,12.03,10.3,8.54,17.295,21.715,9.48
1-212.txt_19,-0.6121,-1.5093,-0.986,-1.5421,-2.3925,-1.0748,-1.2009,-1.6636,-1.8224,-1.4813,-1.257,-0.972,-1.3364,-1.3645,-1.9626,-0.5421,-0.4579,-2.6916,-1.2477,-0.9579,8.6338,9.5117,11.0516,15.3662,12.9812,8.8404,10.2629,12.3146,9.6667,10.9671,11.3662,10.8779,8.8592,22.493,11.8732,9.385,9.9484,15.0516,18.831,11.1455
1-212.txt_21,-0.4903,-0.9709,-0.9272,-1.3107,-1.5728,-0.6553,-0.733,-1.6699,-1.2864,-1.1748,-1.1165,-0.5971,-0.6942,-1.4709,-1.3883,-0.3155,-0.4709,-2.2573,-1.1505,-0.8641,4.7854,8.322,9.0098,9.8634,12.1561,5.6537,9.4732,8.3024,5.3902,10.839,8.7756,8.9073,4.4976,10.4878,9.1854,5.7561,5.2488,9.722,10.0634,9.161
1-212.txt_23,-0.4693,-0.9218,-0.7039,-1.2793,-1.5196,-0.5922,-0.7207,-1.5978,-1.1676,-1.1173,-0.9888,-0.4469,-0.5978,-1.486,-1.6425,-0.2849,-0.3631,-2.2123,-1.0726,-0.7765,4.9551,6.5899,10.5618,9.3933,11.0787,5.6348,9.2753,9.8596,6.382,10.236,9.9719,10.8989,6.0169,7.1798,5.1292,5,6.6629,7.8258,9.7191,8.2079
1-212.txt_25,-0.9839,-1.4355,-0.8172,-1.2258,-2.7312,-1.1237,-1.0914,-1.871,-1.8011,-1.4301,-1.4355,-0.8441,-1.3011,-1.4624,-1.9892,-0.7419,-0.6774,-2.7312,-1.2151,-0.914,10.0162,9.2703,16.9568,14.9351,12.2162,7.8703,11.3676,13.6649,9.8324,13.0703,12.7351,10.8324,10.5946,19.2811,9.0973,9.8432,8.6054,18.3297,19.9568,11.6324
1-212.txt_27,-0.7092,-1.0326,-0.7092,-1.0593,-1.7745,-0.5727,-0.6053,-1.7804,-1.0979,-1.2166,-1.1691,-0.7329,-0.7804,-1.4777,-1.4451,-0.4154,-0.3858,-2.1068,-0.9377,-0.9288,4.2202,7.2262,10.8839,12.2887,8.8274,6.5893,9.5893,7.5089,6.2054,10.4554,9.9226,6.2708,4.5655,11.2024,9.9613,4.5565,6.5119,12.9226,14.2708,8.2708
1-212.txt_29,-0.5441,-1.2324,-0.7559,-1.2765,-1.8059,-0.8618,-0.8794,-1.6176,-1.4971,-1.2206,-1.1794,-0.7941,-0.8147,-1.4471,-1.3765,-0.3676,-0.4412,-2.4529,-1.2206,-0.8353,5.8879,7.6254,11.7581,11.1917,11.7876,6.6106,9.4779,10.6873,6.6401,10.8201,10.295,8.4277,7.2212,13.6608,13.2006,7.5369,6.5428,8.5723,12.6401,9.3658
1-212.txt_31,-0.8317,-1.2475,-0.901,-1.2376,-1.6733,-0.9307,-1.0495,-1.7921,-1.0594,-1.3861,-1.495,-1.0693,-1.1584,-1.3861,-1.6634,-0.6238,-0.4158,-2.4158,-0.9406,-1.1188,4.84,11.96,11.02,13.21,18.15,8.35,10.89,8.33,10.2,11.54,8.37,7.71,4.49,18.1,10.77,4.61,7.02,11.08,15.38,9.62
1-212.txt_33,-1.125,-1.4659,-1.5114,-1.6477,-3.1307,-1.3125,-0.9091,-2.3068,-1.6818,-1.3011,-1.2216,-0.9261,-1.2159,-1.7614,-2.3523,-0.9545,-0.7159,-3.5057,-1.875,-1.0795,7.8914,11.8286,13.2629,16.1943,16.3886,12.2171,17.1543,14.5429,14.9029,15.1029,13.5086,15.7771,13.8629,20.3657,14.0571,9.5657,12.6,13.8914,13.0229,12.1657
1-212.txt_35,-0.6477,-1,-0.6114,-1.2435,-1.5803,-0.6995,-0.8497,-1.715,-1.1917,-1.5078,-1.4611,-0.6839,-0.9585,-1.5907,-1.9171,-0.2487,-0.2228,-2.3834,-1.2487,-1.1813,4.6302,9.5781,14.6927,13.1042,15.724,6.6875,10.7865,7.6562,7.1615,11.1771,11.0885,10.1302,7.0885,11.401,3.875,8.4896,7.6823,12.4531,7.7604,8.1719
1-212.txt_37,-0.5,-1.5673,-0.9904,-1.6779,-2.3365,-0.9615,-1.1202,-1.6731,-1.5,-1.3654,-1.2885,-0.9038,-1.125,-1.3462,-1.851,-0.5288,-0.5337,-2.5192,-1.1538,-0.8798,7.4589,8.6039,13.7391,12.1159,11.2222,10.1932,12.913,13.087,10.8406,11.9324,11.657,11.6812,8.913,19.4541,11.3865,8.4203,7.6715,11.8068,16.6908,11.2222
1-212.txt_39,-1.2148,-1.4832,-0.7181,-1.4832,-2.604,-1.0671,-0.8658,-1.8725,-1.6242,-1.1946,-1.443,-0.7517,-1.0872,-1.4899,-1.8725,-0.6846,-0.7383,-2.2752,-0.9664,-1.0268,6.5878,8.9122,15.6892,14.2432,7.5608,7.4527,13.8108,13.1216,7.2432,17.5405,12.7095,12.1689,8.7432,15.3716,11.3311,7.8446,7.3581,20.75,22.7297,14.0135
1-212.txt_41,-0.6364,-1.017,-0.9148,-1.2159,-1.6591,-0.608,-0.7386,-1.5227,-1.1875,-1.3864,-1.3239,-0.6307,-0.9489,-1.4716,-1.5398,-0.392,-0.5284,-2.0795,-0.9716,-1.0511,4.0571,7.3257,6.5371,14.0057,11.1314,6.6,9.4743,11.8114,6.16,9.2571,8.1257,7.6114,4.6457,11.3886,8.88,4.8229,5.92,11.64,13.9886,7.1714
1-212.txt_43,-1.0749,-1.3904,-1.2513,-1.5027,-2.8075,-1.0267,-0.8396,-2.107,-1.615,-1.2086,-1.0481,-0.8235,-1.123,-1.2674,-2.0374,-0.9733,-0.6203,-3.0535,-1.4813,-0.754,7.3871,11.5,12.328,13.6344,15.7742,10.914,13.8333,14.2043,13.1935,12.8656,12.7796,13.9624,13.5914,18.1075,10.5645,7.9839,11.3172,16.9194,14.5484,11.0914
1-212.txt_45,-0.8557,-1.408,-0.801,-1.2587,-2.3632,-1.0448,-0.9652,-1.6567,-1.5323,-1.5274,-1.5771,-0.8905,-1.3881,-1.6368,-1.6716,-0.5721,-0.5075,-2.408,-1.2289,-1.01,8.125,10.01,13.28,13.795,14.725,8.375,10.09,11.26,9.06,10.89,10.38,11.995,8.88,16.695,14.17,7.965,9.315,17.025,18.18,10.52
1-212.txt_47,-1.1711,-1.3529,-1.3102,-1.4866,-3.2139,-0.9198,-0.7594,-2.3316,-1.5294,-1.3529,-1.2674,-0.9733,-1.2567,-1.5829,-2.1711,-0.9358,-0.5615,-3.1123,-1.6203,-1.0214,6.9086,13.0538,11.0269,13.3817,13.9892,13.0323,15.043,14.8387,15.5645,12.8065,15.1022,13.3602,14.2849,19.8763,14.1183,8.3548,12.0968,20.4247,15.3817,11.1344
1-212.txt_49,-0.5751,-1.171,-1.0984,-1.4041,-1.772,-0.6788,-0.9326,-1.6788,-1.3523,-1.2383,-1.3368,-0.6632,-0.6943,-1.5648,-1.6736,-0.5181,-0.4767,-2.3834,-1.2798,-0.8497,5.7708,8.9323,8.3958,12.4688,11.8906,6.1719,8.5052,9.7031,7.6406,10.2708,10.5365,10.5625,8.0156,12.5052,9.6667,6.6667,4.75,11.5781,8.349,8.7135
1-212.txt_51,-0.9344,-1.612,-0.8197,-1.3443,-2.5027,-1.1311,-1.2295,-1.9454,-1.9399,-1.5301,-1.4809,-0.918,-1.5137,-1.3224,-2.1639,-0.6612,-0.5519,-2.7978,-1.0492,-0.9836,7.9505,10.3736,14.3901,16.9451,15.8956,9.3407,12.3242,13.4725,10.033,12.0824,12.1429,10.9286,10.5824,21.1484,12.0769,9.478,10.0769,18.4615,23.022,11.1923
1-212.txt_53,-0.5799,-1.1065,-0.7396,-1.0118,-1.8639,-0.3905,-0.6154,-1.3491,-1.3077,-1.5799,-1.3964,-0.5207,-1.0237,-1.9112,-1.4852,-0.2367,-0.1953,-2.3136,-1.4793,-1.2485,4.8571,6.4643,8.7857,12.619,10.3988,8.3333,9.494,11.5,6.6964,8.2381,8.8571,9.3452,4.7024,9.2798,8.2976,5.869,8.0476,12.6131,7.5417,6.9107
1-212.txt_55,-0.4324,-1.1027,-0.4919,-1.2,-1.3946,-0.627,-0.8541,-1.2703,-1.227,-1.3135,-1.2324,-0.8919,-0.7838,-1.5676,-1.4595,-0.0108,-0.0216,-2.0162,-1.1135,-0.9243,4.788,4.3533,12.3207,8.2283,11.3913,5.75,7.7283,11.3696,5.2989,9.0761,8.6467,4.6793,4.7283,6.3098,8.3261,6.3859,8.8098,11.2065,11.0217,7.4185
1-212.txt_57,-0.8054,-1.3189,-1.0486,-1.3784,-1.6595,-0.6595,-0.9351,-1.6757,-1.2649,-1.3189,-1.2486,-0.9892,-0.8054,-1.6378,-1.827,-0.6649,-0.627,-2.2919,-1.1568,-1.0108,4.1087,6.5815,9.5924,11.0489,17.0489,7.4783,9.4674,10.4076,6.6793,10.4565,9.4728,7.9348,6.5652,9.9511,8.6087,6.087,4.8859,13.3641,9.4076,8.7446
1-212.txt_59,-1.0394,-1.202,-1.2167,-1.33,-2.7291,-0.8522,-0.6601,-2.0887,-1.5567,-1.2808,-1.1675,-0.8719,-1.133,-1.6059,-1.8867,-0.7241,-0.5222,-2.8818,-1.5911,-1.1034,5.8762,11.0891,11.302,13.698,11.9505,10.5248,12.6089,13.4703,11.3267,12.4901,12.9703,9.1535,9.0693,15.8911,14.8465,7.2772,8.6089,12.6436,12.7871,10.4505
1-212.txt_61,-1.0317,-1.1086,-1.3665,-1.3484,-2.7557,-0.8326,-0.6923,-2.0136,-1.5656,-1.4208,-1.3665,-0.6923,-1.2579,-1.7828,-1.7511,-0.8869,-0.7149,-3.1041,-1.7421,-1.0362,6.6682,12.5909,10.1045,13.9,13.65,11.8318,12.7818,12.0227,12.6773,13.4091,12.3773,12.2091,11.9,15.9909,13.3864,7.3909,9.4091,16.3409,13.1136,12.8364
1-212.txt_63,-0.5419,-0.803,-0.6749,-0.936,-1.8818,-0.4039,-0.5517,-1.2759,-1.3547,-1.5369,-1.4729,-0.3202,-1.0345,-1.8867,-1.6946,-0.1724,-0.1182,-2.2611,-1.3941,-1.0936,4.6535,7.8119,8.3663,12.0842,10.6535,7.6782,9.0297,10.9257,5.3861,7.9604,7.7624,9.9158,4.2772,8.2426,5.4554,5.8119,7.198,10.505,8.6485,7.4109
1-212.txt_65,-0.5774,-1.119,-0.8631,-0.9524,-1.9048,-0.5774,-0.6012,-1.4583,-1.3393,-1.5714,-1.4702,-0.6429,-0.9345,-1.881,-1.6845,-0.2321,-0.3631,-2.4405,-1.4583,-1.1786,6.503,6.7305,9.6467,17.3832,10.1018,7.7365,10.5629,9.8563,5.7904,9.018,10.0838,9.2515,6.1497,11.3353,8.6587,7.4431,6.5988,10.509,8.8623,9.1377
1-212.txt_67,-0.525,-1.075,-0.73,-0.975,-1.515,-0.66,-0.585,-1.45,-1.015,-1.37,-1.19,-0.78,-0.855,-1.44,-1.59,-0.145,-0.32,-2.18,-1.195,-1.11,4.5427,5.4975,7.5678,12.1256,11.5578,4.5578,9.7286,10.4673,11.005,9.0955,11.2663,5.9196,4.6382,9.0503,6.5276,5.2111,7.206,7.5427,8.1709,6.799
1-212.txt_69,-0.7961,-1.1631,-0.7811,-1.2489,-2.0987,-0.9592,-0.9614,-1.3798,-1.2146,-1.6137,-1.6094,-0.8369,-1.2403,-1.7189,-1.9142,-0.633,-0.8648,-2.176,-1.0601,-1.3219,6.3935,9.9527,11.3935,15.4194,19.8473,8.5935,9.9398,15.6452,10.4194,12.0452,9.5935,8.6839,8.8344,13.871,9.9269,6.5656,5.9591,20.1699,15.7742,9.8946
1-212.txt_71,-0.4022,-1.0598,-0.7174,-1.0761,-1.4674,-0.5652,-0.6576,-1.038,-1.2717,-1.4783,-1.4293,-0.7011,-0.8424,-1.6522,-1.4022,-0.125,-0.3641,-2.212,-1.3043,-1.0163,4.2514,6.3934,7.2186,8.9344,13.7158,7.071,10.2077,12.6393,5.459,8.388,7.4208,6.9891,4.9071,8.7432,7.5246,5.1749,6.1749,7.2787,9.918,7.3169
1-212.txt_73,-0.5654,-0.9486,-0.7897,-1.1262,-1.9065,-0.6869,-0.7383,-1.6869,-1.2757,-1.4953,-1.3785,-0.6215,-0.9112,-1.5654,-1.6729,-0.6355,-0.4673,-2.2103,-0.9533,-1.0935,6.3991,10.7559,10.1596,12.3568,11.5915,7.3005,9.6244,10.4225,6.892,9.8779,9.0094,9.1972,6.9577,12.831,9.8732,4.3709,6.6901,13.1033,16.6854,9.493
1-212.txt_75,-0.7322,-0.9874,-0.91,-1.2887,-1.9728,-0.6506,-0.5941,-1.7343,-1.2929,-1.4895,-1.4121,-0.6234,-0.9833,-1.6297,-1.546,-0.4916,-0.5418,-2.4142,-1.3138,-1.2113,5.2893,10.5702,11.1509,13.0797,11.7358,8.9308,13.2495,9.1195,6.7086,11.8113,10.3816,9.6604,5.6226,14.5891,10.6226,6.4675,4.4193,9.3354,7.7757,10.13
1-212.txt_77,-0.6552,-1.1921,-0.7685,-1.069,-1.9852,-0.5764,-0.6256,-1.6847,-1.1478,-1.5961,-1.4729,-0.4384,-1.0837,-1.3842,-1.8079,-0.5517,-0.5222,-2.1232,-0.7783,-1.1576,5.505,6.9554,10.0099,14.0891,11.1931,6.7129,10.0347,10.0347,7.4653,7.495,7.797,11.5149,5.005,16.3416,8.9851,5.1634,7.5446,13.495,19.3416,9.0842
1-212.txt_79,-0.5359,-1.3684,-0.756,-0.9282,-2,-0.5455,-0.555,-1.7177,-1.3349,-1.445,-1.3397,-0.5933,-1.0526,-1.5407,-1.866,-0.5598,-0.3493,-2.0383,-1.0335,-0.9569,6.8846,4.8413,10.5721,14.9375,8.6635,8.7019,9.9663,8.2452,6.024,8.5385,7.4327,9.8606,5.1298,13.3365,7.1971,4.8317,8.4327,16.5721,15.6538,10.0769
1-212.txt_81,-1.1461,-1.1685,-1.427,-1.573,-3.2416,-1.0506,-1.0506,-2.3427,-1.4944,-1.3539,-1.2022,-0.7865,-1.1517,-1.7079,-2.5899,-1.0843,-0.5674,-3.3764,-1.691,-0.9101,5.4407,13.096,13.2542,16.209,16.1073,13.0226,17.2881,13.3503,15.678,12.339,15.2373,14.5028,14.7062,22.0734,13.6215,8.8079,12.8644,18.0565,14.1977,10.7627
1-212.txt_83,-0.7474,-1.1474,-1.0947,-1.5211,-1.9632,-0.6211,-0.8316,-1.6737,-1.2105,-1.4684,-1.1895,-0.8789,-0.8,-1.5632,-1.3526,-0.5158,-0.4737,-2.3,-1.2474,-1.2632,3.7249,8.672,9.2804,10.3545,10.1746,9.1005,10.3598,10.5503,8.328,11.2593,12.1534,7.1005,8.4339,13.2328,14.1005,5.5132,5.7143,9.873,8.3439,8.8571
1-212.txt_85,-1.1385,-1.2359,-1.1846,-1.4923,-2.9897,-0.8564,-0.8154,-2.1692,-1.4615,-1.441,-1.2821,-0.6667,-1.2615,-1.4154,-2.0154,-0.9641,-0.6359,-3.3077,-1.5949,-0.9846,8.232,11.9691,12.6753,13.5619,15.6495,11.9175,15.3814,13.0515,13.8351,12.9639,14.3402,13.6907,13.6289,19.1289,15.9278,8.6289,10.0155,17.7165,13.5773,11.366
1-212.txt_87,-1.1889,-1.2833,-1.4333,-1.4778,-3.0722,-1.0556,-0.85,-2.2556,-1.6278,-1.3444,-1.1833,-0.8778,-1.1389,-1.5333,-2.2222,-0.9833,-0.6611,-3.2667,-1.8444,-1.0167,7.4804,13.2123,11.6089,14.7821,16.9497,13.3184,15.2905,14.8827,14.4581,15,15.0726,14.3464,14.6927,20.6369,14.1676,8.6145,11.419,18.0112,13.7933,11.648
1-212.txt_89,-0.8717,-1.5561,-0.9358,-1.3904,-2.492,-1.0963,-0.9893,-2.0214,-1.5936,-1.5615,-1.6471,-1,-1.4545,-1.2086,-1.9626,-0.4866,-0.5348,-2.6417,-1.0588,-1.0535,9.3065,9.5108,15.4409,15.2151,12.414,9.5108,12.6129,12.0538,10.3011,12.5376,11.6505,11.1022,9.5591,23.6828,13.0699,10.9086,9.0376,16.7688,21.7097,10.8925
1-212.txt_91,-0.9506,-1.5062,-0.6975,-1.5123,-2.6605,-1.1543,-0.963,-2.0494,-1.6852,-1.5,-1.5185,-0.7407,-1.3025,-1.3086,-1.9012,-0.6852,-0.537,-2.4321,-0.8148,-1.0185,5.9627,10.5217,13.795,14.6025,7.0497,8.4099,13.323,10.5031,9.323,14.5963,12.2112,14.2236,9.7391,20.3665,11.0807,8.5714,8.795,18.8137,21.3106,12.6025
1-212.txt_93,-0.7906,-1.4869,-0.6702,-1.2304,-2.2932,-1.0681,-0.9267,-1.6754,-1.6073,-1.4031,-1.5236,-0.8796,-1.3298,-1.3665,-1.5654,-0.6911,-0.5812,-2.5759,-0.9686,-0.9581,7.5474,8.6895,14.7579,13.9158,12.9895,7.6263,11.7421,10.3105,8.4,11.5684,10.7632,12.5158,8.6684,18.8632,12.7947,8.4632,9.0737,14.8368,19.7895,11.4789
1-212.txt_95,-0.4105,-1.0165,-1.1763,-1.3967,-2.1185,-0.8926,-0.9504,-1.281,-1.3691,-1.4022,-1.1818,-0.9284,-0.9559,-1.7741,-1.5675,-0.4711,-0.7163,-2.3251,-1.4876,-1.1708,7.0746,12.0276,7.8619,12.1077,7.5691,6.9696,8.8481,14.232,10.0746,11.5331,12.3619,7.1796,8.7265,11.4144,12.1575,6.6575,4.0829,11.5663,8.4088,9.5552
1-212.txt_97,-0.9246,-1.1055,-0.7538,-1.2764,-2.0603,-0.6533,-0.8844,-1.7286,-1.1206,-1.5377,-1.4573,-0.9749,-0.9447,-1.608,-1.5075,-0.5477,-0.4573,-2.2513,-1.1759,-1.3266,4.7172,10.6768,13.5505,12.4091,13.9293,8.5455,8.9091,10.9747,10.3788,11.2071,11.1212,7.5202,9.5455,15.5253,12.1667,6.3485,8.9899,13.9798,16.0859,7.8939
1-212.txt_99,-0.8971,-1.5029,-1.8457,-1.6514,-2.9886,-1.1486,-0.7714,-2.1486,-1.8457,-1.4457,-0.9771,-0.8286,-1.08,-1.8286,-2.1829,-1.0114,-0.5886,-3.3371,-1.96,-0.8857,8.4828,12.7011,9.2816,13.5632,14.2644,11.6494,17.1207,16.5,13.3103,12.477,15.1437,14.8966,13.2069,19.408,13.3391,7.8448,11.2471,14.8506,14.1149,11.523
1-212.txt_101,-0.6079,-0.9058,-0.5532,-0.845,-1.8632,-0.4043,-0.4134,-1.7173,-0.9331,-1.5714,-1.3982,-0.4833,-0.9453,-1.6474,-1.5593,-0.2675,-0.4772,-2.1429,-1.0638,-1.1793,5.4939,6.7073,11.9726,13.2409,11.2957,6.7317,9.7104,6.4604,8.311,8.2439,9.4299,8.3567,5.6189,10.0549,7.7866,6.2774,5.311,13.4634,12.4634,7.5915
1-212.txt_103,-0.4439,-1.3073,-0.7561,-1.0293,-1.9951,-0.8049,-0.7366,-1.5366,-1.3073,-1.6293,-1.3707,-0.5073,-1.1512,-1.8537,-1.6585,-0.239,-0.2341,-2.561,-1.3171,-1.1463,5.8235,5.1373,10.9951,16.8578,7.3971,6.2157,7.8284,10.9657,7.1716,8.3922,12.7206,10.8775,4.6471,11.8382,8.0196,6.9118,8.0882,5.6618,11.1225,9.4216
1-212.txt_105,-0.3059,-1.3,-0.9353,-1.1118,-1.2235,-0.9765,-0.9882,-0.9471,-1.5471,-1.3824,-1.3059,-0.8765,-0.9529,-1.5765,-1.4294,-0.1588,-0.3706,-2.2294,-1.4118,-1.0059,5.3018,5.7396,6.0414,12.6213,13.8462,4.1302,8.2367,16.7396,3.9704,8.5385,9.0888,7.6509,4.0118,9.3609,9,4.6686,6.1538,7.2663,9.8166,7.0947
1-212.txt_107,-0.9044,-1.4309,-0.7331,-1.2886,-2.6243,-1.068,-0.9941,-1.9044,-1.632,-1.4456,-1.6169,-0.8548,-1.5309,-1.411,-1.8239,-0.6654,-0.521,-2.6,-1.0485,-0.9967,7.765,10.7308,14.9448,16.3126,12.9474,8.9408,11.5818,11.9548,11.0953,12.0515,10.8102,11.7275,8.7745,20.6591,13.1629,8.6992,10.0342,16.5399,21.687,11.327
1-212.txt_109,-0.635,-0.67,-0.605,-1.2,-1.81,-0.46,-0.575,-1.67,-1.09,-1.61,-1.475,-0.46,-1.065,-1.63,-1.85,-0.33,-0.24,-1.945,-0.86,-1.23,4.9749,10.3869,10.8342,11.2462,10.8995,7.0352,9.201,8.3668,6.3618,7.5377,8.1558,7.7387,3.8643,11.5829,5.3015,4.9899,7.2663,15.7085,16.0955,7.1206
1-212.txt_111,-1.2849,-1.4709,-1.4942,-1.6512,-3.0058,-1.0407,-0.8488,-2.2791,-1.6512,-1.4128,-1.2093,-0.7151,-1.3372,-1.7267,-2.4012,-0.8837,-0.6337,-3.3837,-1.6919,-1.1047,6.2222,13.1404,13.2982,14.2573,14.4971,11.0819,14.9064,13.8538,12.6959,14.0819,12.4795,14.0877,13.2456,19.5731,10.9766,8.6257,10.5205,13.8129,14.1871,12.5965
1-212.txt_113,-0.5349,-1.2829,-0.8178,-1.3566,-2.0853,-1.0078,-1.0116,-1.438,-1.6202,-1.5736,-1.4419,-0.8605,-1.2713,-1.6163,-1.624,-0.5116,-0.4651,-2.6938,-1.3876,-1.0233,6.6809,10.7977,12.2996,11.3074,14.3658,7.4864,10.0311,14.6226,7.677,11.642,10.393,9.5759,8.4747,16.393,13.5175,7.677,8.3696,13.5019,16.3268,9.3424
1-212.txt_115,-0.2688,-1.1562,-0.8312,-1.0875,-1.2,-0.7688,-0.925,-0.8625,-1.4187,-1.475,-1.375,-0.85,-0.95,-1.6,-1.5312,-0.1625,-0.3688,-2.2313,-1.2625,-1.05,5.3145,6.3899,6.327,12.6352,14.195,6.2956,8.1069,13.8428,3.8365,7.1069,6.9245,6.8679,3.5094,8.6289,5.2264,4.0881,7.327,4.4654,13.0881,6.6604
1-212.txt_117,-1.0632,-1.2874,-1.5575,-1.6552,-3.1552,-1.1839,-0.9195,-2.2529,-1.7184,-1.4598,-1.0632,-0.9483,-1.0805,-1.5805,-2.2874,-1.0402,-0.7816,-3.3966,-2,-0.9138,8.5087,14.6763,12.948,14.5491,18.1214,11.711,15.9191,13.6821,14.0289,14.4913,14.5491,15.0462,14.9075,20.4104,14.9595,7.9422,12.4913,15.4277,15.711,12.3699
1-212.txt_119,-0.9737,-1.2895,-1.3289,-1.6096,-2.5088,-0.9649,-1.0219,-2.1535,-1.364,-1.5132,-1.3202,-0.943,-0.9956,-1.6491,-1.7149,-0.6886,-0.5351,-2.7763,-1.5263,-1.1974,5.63,10.6696,12.0705,13.0044,14.978,9.5903,11.2159,11.5242,13.1674,11.3436,13.9427,10.5374,8.8987,17.1498,18.5242,8.2819,9.4141,19.5639,11.5683,8.8106
1-212.txt_121,-0.4852,-0.8876,-1.1361,-1.4497,-2.3669,-0.8402,-0.8166,-1.4911,-1.5444,-1.4734,-1.4083,-0.8107,-1.0947,-1.7219,-1.1657,-0.6805,-0.5799,-2.2781,-1.3254,-1.1124,6.8214,10.5952,9.2024,9.8155,5.0952,8.244,12.1905,13.6726,5.6786,12.4762,11.3333,8.8036,6.9881,12.006,15.3095,5.131,6.2857,12.369,12.2202,10.4583
1-212.txt_123,-1,-1.1535,-1.3317,-1.4059,-2.9455,-0.9158,-0.7574,-1.9406,-1.6881,-1.3911,-1.0446,-0.802,-1.2871,-1.5099,-1.9802,-0.9455,-0.6634,-3.1535,-1.7228,-0.9505,6.8358,10.7861,10.8259,13.9701,11.8706,10.2687,13.5075,13.2786,11.8507,12.4776,13.4378,10.5174,11.4129,17.5871,13.6169,8.0448,9.7114,14.3632,13.6965,11.4876
1-212.txt_125,-1.1532,-1.2936,-1.3957,-1.4681,-3.0553,-0.8383,-0.7234,-2.0553,-1.3957,-1.383,-1.2085,-0.8426,-1.1787,-1.5191,-1.966,-0.8553,-0.6723,-3.0255,-1.6426,-1.1106,6.4487,11.0214,10.4829,14.2137,15.5385,10.4274,13.9402,16.0513,12.4274,13.2179,13.3248,12.453,12.812,19.312,13.7778,9.0513,9.2564,16.5513,12.5769,10.906
1-212.txt_127,-1.1414,-1.3298,-1.377,-1.4764,-3.0052,-0.911,-0.8115,-2.1832,-1.5654,-1.2723,-1.0942,-0.8272,-1.1571,-1.4607,-2.1309,-1.0366,-0.644,-3.089,-1.712,-0.9738,7.2789,13.4053,12.3684,14.2,14.7526,11.5,14.7737,14.2158,13.8737,13.0632,13.4474,13.4526,14.8105,19.2474,14.6421,8.1579,10.6632,18.6158,14.2737,11.0368
1-212.txt_129,-0.6502,-1.3744,-1.0887,-1.6305,-2.4187,-0.9754,-1.2118,-1.6946,-1.7635,-1.4089,-1.2709,-0.9458,-1.3793,-1.6502,-1.7143,-0.6601,-0.6502,-2.7192,-1.399,-0.9655,7.7079,10.703,11.8911,13.9703,9.4554,9.0743,10.8663,13.896,10.0792,12.5644,11.5297,9.5842,9.1683,19.8515,13.3317,7.5842,9.2228,15.8663,16.7574,11.8366
1-212.txt_131,-0.913,-1.4658,-0.795,-1.4969,-2.646,-1.0124,-0.9752,-2.0683,-1.6025,-1.5217,-1.5839,-0.646,-1.2981,-1.5776,-1.9876,-0.5776,-0.4596,-2.677,-1.0124,-1.0062,8.1312,9.6688,15.7062,16.775,10.6625,7.7875,12.85,11.6875,10.4188,14.075,12.0688,12.1812,10.0125,20.8188,13.6125,9.1063,9.3438,18.025,22.9,14.0562
1-212.txt_133,-0.5952,-1.2679,-0.875,-0.9464,-1.7976,-0.6131,-0.8214,-1.7024,-1.3274,-1.4881,-1.4821,-0.6131,-1.0298,-1.6905,-1.869,-0.4643,-0.3274,-2.4048,-1.119,-0.9286,6.4491,6.8802,9.9162,15.8204,14.521,7.1497,9.0419,9.2994,7.8922,8.3174,8,8.7006,5.7605,11.3473,8.9341,4.1856,6.9641,12.2216,15.3413,10.0479
1-212.txt_135,-0.1913,-1.3333,-1.0219,-1.541,-1.5137,-0.7432,-0.9727,-1.4098,-1.2842,-1.2077,-1.4044,-0.7322,-0.8306,-1.5902,-1.5792,-0.2568,-0.2787,-2.5027,-1.2678,-0.7322,6.8736,7.6209,8.2747,7.8187,11.9505,5.9341,8.2253,8.6429,7.9066,8.5769,7.7363,9.0769,4.2637,8.5714,9.0989,6.533,6.033,7.1758,7.7692,9.011
1-212.txt_137,-1.01,-1.25,-1.31,-1.365,-2.615,-0.875,-0.755,-2.03,-1.59,-1.165,-0.99,-0.75,-1.045,-1.23,-1.815,-0.92,-0.525,-2.69,-1.53,-0.86,6.9146,9.8844,11.6231,12.6131,14.407,10.7638,12.5075,13.5477,10.0955,11.5075,11.9296,11.3166,12.2261,17.7286,11.9598,8.5477,9.9548,17.0854,13.0905,10.9548
1-212.txt_139,-0.6749,-1.5074,-0.8867,-1.4581,-2.399,-0.9951,-1.064,-1.7833,-1.6995,-1.3153,-1.3153,-0.9015,-1.2069,-1.3448,-1.8768,-0.5271,-0.5123,-2.5123,-1.0493,-0.8424,6.9802,9.099,14.4356,17.7624,11.9356,8.4604,11.5594,9.8663,8.8564,12.0149,10.5149,10.9703,8.6782,20.5842,11.8614,8.1188,7.7327,16.1386,22.297,10.8762
1-212.txt_141,-0.7095,-1.3333,-0.8286,-1.1476,-1.6571,-0.7905,-0.7667,-1.7857,-1.2905,-1.1667,-1.1762,-0.8476,-0.8381,-1.3857,-1.8143,-0.1429,-0.3476,-2.3333,-1.2048,-0.7619,3.1196,5.5215,11.7368,15.0861,13.2153,6.2488,10.5933,9.689,8.2153,11.689,11.2919,7.0861,6.5072,14.7368,6.1005,8.4545,4.8708,8.9187,8.7703,11.5837
1-212.txt_143,-0.7811,-1.4478,-0.9801,-1.4925,-2.5373,-1.0498,-1.1841,-1.9254,-1.8358,-1.4129,-1.2637,-1.0945,-1.2935,-1.602,-2.0697,-0.6716,-0.5721,-2.7214,-1.3781,-0.8905,7.795,9.495,15.1,16.62,13.305,9.44,11.01,14.485,9.32,13.445,14.07,11.745,10.3,21.315,11.03,9.625,8.735,16.755,19.11,12.15
1-212.txt_145,-0.7967,-1.4396,-1.1484,-1.4945,-2.4945,-1.0714,-1.1538,-1.9011,-1.7967,-1.5495,-1.3407,-0.9725,-1.2637,-1.6319,-1.967,-0.5989,-0.4615,-2.8791,-1.2692,-1.033,8.5525,10.9724,13.5635,14.5414,10.2044,10.1713,10.7072,13.8619,10.4254,12.3094,11.5856,12.4144,12.4475,22.2928,13.326,8.6298,9.6685,18.7182,21.0773,13.2486
1-212.txt_147,-0.3799,-1.1788,-0.743,-1,-1.3855,-0.6872,-0.676,-1.0503,-1.4134,-1.3966,-1.3464,-0.8156,-0.8994,-1.6816,-1.5196,-0.0838,-0.1006,-2.1844,-1.4469,-0.9497,3.7921,5.4831,7.3427,10.2022,11.2921,6.7472,10.2135,15.9831,4.5337,8.4719,8.4888,5.9663,4.5281,6.9663,5.118,5.2921,9.0337,8.1404,6.6011,7.5281
1-212.txt_149,-0.6947,-0.8702,-0.8702,-1.2214,-1.7786,-0.542,-0.5802,-1.5191,-1.0687,-1.4046,-1.2366,-0.5267,-0.7863,-1.5344,-1.5191,-0.4656,-0.6641,-2.1679,-1.0458,-1.0763,3.3231,7.2538,7.3615,10.9154,11.5692,5.8923,9.5615,13.3923,8.3923,9.4385,10.0154,8.0846,5.1769,10.9692,8.9154,4.5,4.6923,9.9923,13.3385,7.6154
1-212.txt_151,-1.0994,-1.2298,-0.6087,-1.2981,-2.882,-0.9814,-1.0683,-2.1553,-1.677,-1.5342,-1.7453,-0.8385,-1.4161,-1.5466,-2.0745,-0.7267,-0.7081,-2.5839,-1.1242,-1.0745,8.2938,12.2938,17.3125,18.0938,11.4125,8.8875,12.2875,12.2875,12.8875,12.6688,11.9188,13.2938,10.4,23.6125,11.15,9.2812,11.3938,20.025,23.3688,13.3062
1-212.txt_153,-0.6421,-1.2316,-1.1632,-1.2474,-1.8368,-0.7263,-0.8,-1.6053,-1.5158,-1.2474,-1.1105,-0.8263,-0.6526,-1.4,-1.3947,-0.4105,-0.4368,-2.0737,-1.2526,-0.9737,4.0582,7.5026,7.7778,11.5397,10.0265,7.3492,8.5132,11.455,6.0529,10.6878,11.1058,8.1376,8.3386,13.1429,12.9683,6.4762,7.0423,13.6667,9.5397,8.2381
1-212.txt_155,-1.0552,-1.3315,-1.5359,-1.6243,-2.989,-0.9227,-0.8232,-2.1547,-1.6906,-1.3591,-1.0276,-0.7624,-1.2541,-1.6851,-2.3204,-0.9448,-0.7624,-3.326,-1.9006,-0.9448,6.5889,13.5944,12.35,16.1056,14.5167,12.4667,16.9333,13.5444,11.2833,13.7222,13.5222,12.9444,12.9333,22.6889,13.7556,8.6444,11.1944,18.8333,15.7833,11.6667
1-212.txt_157,-0.7593,-1.5046,-0.9259,-1.3565,-2.4815,-1.2407,-1.1204,-1.7222,-1.7546,-1.1898,-1.2731,-0.8657,-1.1065,-1.412,-1.9352,-0.7407,-0.4722,-2.7037,-1.1991,-0.7963,7.9674,10.1814,12.7814,14.5953,12.9767,7.2279,10.6698,12.1907,10.414,11.8698,11.214,9.5674,10.0698,18.0512,9.8326,8.8465,7.8279,14.5721,17.3349,11.3302
1-212.txt_159,-1.0523,-1.3372,-1.5,-1.6105,-2.9942,-0.9942,-0.8256,-2.2384,-1.843,-1.3663,-1.1686,-0.9419,-1.2442,-1.7558,-2.3953,-0.8721,-0.593,-3.4012,-1.9244,-0.9709,8.0643,13.1988,13.3567,16.6959,16.3158,10.9181,15.8713,12.9649,10.9766,15.0234,14.6257,14.0936,14.9825,20.4678,13.9825,8.3567,10.614,16.7135,14.9357,13.9532
1-212.txt_161,-0.5482,-0.8072,-0.8916,-1.0482,-1.8614,-0.5482,-0.6386,-1.4518,-1.4458,-1.6024,-1.512,-0.3313,-0.988,-2.0783,-1.5181,-0.3434,-0.3253,-2.4639,-1.5964,-1.2771,5.5212,9.4303,9.0182,14.897,10.2545,7.7273,8.903,12.2788,5.4788,8.2,8.2061,11.3697,5.3091,9.3758,10.503,5.7576,7.2182,10.7636,6.9152,7.7818
1-212.txt_163,-0.4806,-1.1699,-1.1505,-1.3592,-1.6505,-0.7282,-0.8641,-1.767,-1.2087,-1.2524,-1.3447,-0.8252,-0.9563,-1.6359,-1.6359,-0.5485,-0.4709,-2.5,-1.1359,-0.9223,6.8439,9.7171,7.2683,10.8049,13.4146,7.078,9.9659,6.5024,9.9707,10.478,8.3317,9.2341,5.4488,11.1707,9.2293,5.1561,5.361,8.5024,10.9707,9.2439
1-212.txt_165,-0.7672,-1.3651,-0.9841,-1.4815,-2.4392,-1.0423,-1.1323,-1.709,-1.6614,-1.4339,-1.3228,-0.9365,-1.2963,-1.4921,-1.8519,-0.6878,-0.6032,-2.6349,-1.2487,-0.8519,7.6436,11.7872,13.5691,14.8511,13.6383,9.016,10.5,13.734,10.3564,11.3777,10.9894,10.984,10.0851,20.6915,12.6915,8.1702,8.3989,14.0691,19.5638,11.4894
1-212.txt_167,-0.3887,-1.6,-1.5549,-1.7915,-2.7746,-0.493,-1.1493,-1.2056,-1.6704,-1.862,-1.4845,-1.1634,-1.3662,-2.1662,0.0789,-0.3324,-0.3493,-3.0676,-1.7831,-1.2732,6.452,8.3559,7.9181,8.2034,9.9407,10.6582,8.7712,14.7288,9.8898,8.9774,11.0678,8.1328,9.7316,12.0791,19.1356,7.2345,8.5791,12.5847,13.1949,9.3079
1-212.txt_169,-0.7534,-1.2735,-1.0269,-1.5022,-1.8251,-0.7758,-0.9821,-1.5919,-1.1525,-1.4574,-1.4439,-0.9058,-0.9238,-1.5157,-1.5695,-0.583,-0.5964,-2.0807,-1.0942,-1.1166,5.1441,8.5586,11.2162,11.4414,11.4279,5.6847,8.2748,12.2703,10.8063,10.1622,10.5495,7.2973,6.6757,12.2117,12.6171,7.4009,5.3333,21.0405,10.5811,7.9279
1-212.txt_171,-1.5758,-1.6667,-1.2576,-1.4394,-2.9167,-1,-0.6894,-2.3258,-1.8561,-1.4167,-2.0227,-0.3561,-1.4924,-2,-3.0606,-1,-0.4242,-3.2424,-1.9242,-0.8864,5.0687,11.5954,16.2366,17.0763,12.6031,10.9847,20.3969,15.0458,7.4962,16.5496,15.3588,23.2137,17.3359,27.0763,7.2214,7.4656,14.8244,20.542,13.7328,15.8397
1-212.txt_173,-0.8802,-1.4375,-0.9479,-1.4115,-2.4531,-1.1771,-1.1146,-1.9323,-1.7656,-1.3438,-1.3646,-0.7812,-1.3021,-1.5052,-2.0312,-0.7135,-0.7396,-2.7396,-1.2188,-0.8802,8.3455,11.3194,15.2984,15.6021,14.1361,7.534,13.5759,14.2984,10.4817,13.4031,10.7801,11.4188,10.3246,19.3089,10.199,9.178,7.8953,19.0366,19.2827,10.178
1-212.txt_175,-0.8209,-1.2736,-1.0249,-1.5323,-2.5672,-0.9104,-0.8209,-1.801,-1.6567,-1.5323,-1.3035,-0.796,-1.1244,-1.5075,-1.8557,-0.6468,-0.602,-2.6915,-1.1194,-1.0249,7.28,10.88,13.155,15.17,14.515,9.465,11.34,14.32,11.78,11.2,11.305,11.075,11.285,16.595,10.555,7.74,8.485,16.03,17.685,10.095
1-212.txt_177,-0.7136,-1.4515,-0.801,-1.3544,-2.5388,-1.1505,-1.0146,-1.8204,-1.6796,-1.4417,-1.4709,-0.7961,-1.3495,-1.3204,-1.9466,-0.6748,-0.5,-2.6019,-0.9757,-0.9951,7.3561,8.4585,13.0537,16.6293,13.4098,8.278,11.4488,11.3268,10.6878,10.5659,10.1659,11.5463,8.8244,20.2829,12.1463,9.0585,10.4,13.8585,21.3171,10.278
1-212.txt_179,-0.3106,-1.0383,-0.5149,-1.0894,-1.4298,-0.5915,-0.7872,-1.2596,-1.1277,-1.3617,-1.2426,-0.8894,-0.766,-1.4809,-1.4894,-0.034,-0.1404,-2.1872,-1.1957,-1.034,5.1752,5.5299,11.5812,8.8162,9.2863,4.9957,6.5256,9.8504,4.8718,7.3504,7.5427,4.0256,5.2308,9.1538,7.1496,4.4444,7.5256,7.9145,8.5513,6.1752
1-212.txt_181,-1.1222,-1.2778,-1.4667,-1.5389,-3.05,-0.9444,-0.9056,-2.2889,-1.45,-1.3222,-1.0889,-0.9556,-1.1778,-1.5389,-2.3111,-1.0222,-0.6278,-3.2056,-1.8167,-0.9667,7.1508,12.5419,11.7933,15.1117,15.6983,12.5922,16.0894,14.9162,13.2737,13.7151,13.9162,15.2011,14.8603,21.3464,13.3296,8.4749,12.1117,18.7263,14.324,11.4972
1-212.txt_183,-1.2768,-1.339,-1.4124,-1.5141,-3.1751,-1.096,-0.9209,-2.2655,-1.7175,-1.3277,-1.1808,-0.9831,-1.1525,-1.4802,-2.3616,-1.0565,-0.6667,-3.2486,-1.7797,-0.9944,7.483,13.3352,11.6477,13.017,17.2898,12.7841,16.108,15.6989,14.6761,14.1534,13.5,15.608,14.7955,20.7386,15.2045,9.5,11.9261,19.5,13.7727,11.5568
1-212.txt_185,-1.1124,-1.2978,-1.3933,-1.5618,-3.1348,-1.0843,-0.8652,-2.2303,-1.5787,-1.3146,-1.1798,-0.8876,-1.2584,-1.5506,-2.3933,-1,-0.6461,-3.3034,-1.6517,-0.9719,7.7062,13.8023,11.8983,15.0791,16.4181,13.1638,15.5198,14.9887,14.5537,14.7175,13.7966,14.887,14.2994,23.0226,13.3785,8.3672,10.4972,18.6158,15.1356,12.096
1-212.txt_187,-0.7789,-1.4895,-0.9053,-1.4684,-2.5211,-1.1105,-1.1842,-1.7632,-1.8947,-1.4158,-1.3053,-0.9632,-1.4684,-1.3316,-1.6632,-0.6211,-0.5526,-2.5368,-1.1684,-0.9737,8.5979,11.2698,14.0317,15.7302,15.9101,10.1111,10.4762,11.7778,8.6508,10.8148,9.5979,10.3651,7.7831,20.9683,14.5291,9,9.4868,18.672,22.7937,9.9206
1-212.txt_189,-0.7971,-1.3527,-0.9662,-1.401,-2.3527,-1.1739,-1.1063,-1.8309,-1.7295,-1.3575,-1.3092,-0.8889,-1.0676,-1.4976,-1.7198,-0.628,-0.4831,-2.4541,-1.0918,-0.8502,6.6699,10.2039,12.8155,15.2087,10.2816,7.4806,11.1553,12.2282,7.534,13.2816,11.699,9.1505,9.0874,18.1893,12.9515,7.5631,8.6117,15.3107,17.1019,11.2573
1-212.txt_191,-0.76,-1.295,-0.91,-1.405,-2.395,-1.2,-1.055,-1.995,-1.63,-1.405,-1.35,-0.935,-1.28,-1.515,-1.84,-0.64,-0.59,-2.7,-1.17,-0.95,8.1859,10.9849,15.2462,14.2965,13.6131,7.5025,10.7337,12.4372,10.8442,11.402,10.7085,10.9648,9.4673,19.1457,10.995,8.9146,9.5829,15.9849,19.6231,11.5327
1-212.txt_193,-0.6497,-1.0847,-0.8588,-1.113,-1.7797,-0.6271,-0.7401,-1.2994,-1.3164,-1.548,-1.435,-0.4972,-1.0565,-1.7119,-1.5028,-0.4237,-0.4633,-2.3107,-1.2373,-1.1751,4.517,6.5909,9.5,14.4034,11.4602,7.4375,9.392,13.1761,6.5455,8.1023,9.5398,9.625,4.5341,12.6818,10.2216,4.9545,6.1875,9.5511,11.6193,8.142
1-212.txt_195,-0.8491,-1.2972,-0.7123,-1.3113,-2.3868,-0.9623,-1.0849,-1.5896,-1.7123,-1.3868,-1.4575,-0.8868,-1.4151,-1.1557,-1.7642,-0.5896,-0.5896,-2.3962,-0.9387,-0.9481,6.564,11.0047,14.0948,15.8057,12.2796,8.8341,10.8104,12.2227,9.2749,11.9621,11.0047,10.237,8.9621,19.3175,12.0142,8.4929,9.1517,18.109,19.9431,11.0664
1-212.txt_197,-0.8036,-1.4955,-0.9152,-1.2277,-2.5982,-1.067,-1.0268,-1.7589,-1.6741,-1.6384,-1.4821,-1.0804,-1.3661,-1.4955,-1.9375,-0.5625,-0.4464,-2.7009,-1.2812,-1.0446,7.9058,9.9193,14.852,18.3901,11.6188,8.139,11.574,15.4574,10.3408,12.1345,12.9462,11.3004,9.3184,20.2691,12.0942,8.7085,9.0717,15.852,16.9372,10.8206
1-212.txt_199,-1.1921,-1.3446,-1.4633,-1.5706,-3.2203,-0.9322,-0.9096,-2.2768,-1.6893,-1.3559,-1.1977,-0.8814,-1.2147,-1.5198,-2.3107,-0.9153,-0.678,-3.322,-1.6215,-0.9718,8.1307,13.625,12.2557,15.3807,15.6136,12.1023,14.2159,13.5795,13.6705,13.3239,14.1534,14.6932,11.7273,19.1023,15.4545,8.3125,9.9318,16.4943,15.142,12.2273
1-212.txt_201,-0.5023,-1.3456,-0.7788,-0.7742,-2.0599,-0.7972,-0.7696,-1.4562,-1.4793,-1.5806,-1.4378,-0.4286,-1.2442,-1.5207,-1.7005,-0.2627,-0.2627,-2.5023,-1.1521,-1.1106,5.8565,4.9537,10.6991,13.9398,9.2639,7.5185,8.5,10.2546,6.088,8.1019,10.4722,12.2685,4.125,14.7222,8.213,7.5741,8.2315,6.6898,13.8426,9.3148
1-212.txt_203,-1.1087,-1.288,-1.3261,-1.587,-3.1304,-1.0054,-0.7554,-2.0163,-1.4728,-1.375,-1.1522,-0.9402,-1.2174,-1.4402,-2.2989,-0.9674,-0.6304,-3.1522,-1.7283,-0.875,7.2623,12.0273,13.1475,14.8743,17.2077,12.0765,14.2732,14.2295,12.4481,13.5027,13.1585,14.8579,13.3825,21.4809,13.7541,8.3552,10.9891,19.0219,14.9727,9.9727
1-212.txt_205,-0.9138,-1.6264,-0.7816,-1.4943,-2.6379,-1.1092,-1.1724,-1.8276,-1.7471,-1.4425,-1.454,-0.8391,-1.3621,-1.5057,-2.0517,-0.7701,-0.6494,-2.7126,-1.2874,-0.977,8.0578,9.8902,15.896,17.9942,11.0173,7.896,11.3757,12.2659,9.2081,12.9422,11.2312,11.5607,10.5029,22.3353,11.3988,9.4509,8.9364,17.6416,21.2948,12.5549
1-212.txt_207,-0.5635,-0.989,-0.7845,-1.3646,-1.6133,-0.663,-0.8895,-1.4365,-1.1105,-1.1768,-1.1878,-0.8508,-0.7238,-1.6022,-1.442,-0.4365,-0.4254,-2.3481,-1.1713,-0.8122,3.3111,9.2167,10.1167,9.7833,10.3667,7.6889,7.9944,11.55,9.3611,10.3833,8.2556,5.9056,4.1611,9.3778,9.2278,5.1167,6.2778,7.7056,8.6778,10.4222
1-212.txt_209,-0.7368,-1.1825,-0.9544,-1.1684,-2.4456,-0.6807,-0.6035,-1.8105,-1.7439,-1.4281,-1.3404,-0.6281,-1.3158,-1.6947,-1.3474,-0.5158,-0.5158,-2.6947,-1.4632,-0.9053,6.419,9.1021,10.8873,14.0106,11.2359,9.257,13.4296,11.4542,6.412,11.0915,10.5634,9.9401,8.0035,15.8169,14.5634,7.3451,8.3556,12.2535,13.6479,11.3169
1-212.txt_211,-1.3333,-1.4503,-1.4152,-1.6023,-3.0702,-1.1111,-0.8655,-2.4561,-1.4912,-1.2865,-1.2281,-0.6842,-1.0117,-1.7427,-2.4912,-0.9766,-0.5263,-3.3567,-1.7251,-0.9766,7.3824,14.5941,13.8412,13.1647,17.0176,11.2294,15.4471,14.4294,14.0059,13.7059,15.6,15.0471,14.6118,20.4059,12.1294,8.3588,10.7235,14.0118,14.8941,11.3
1-212.txt_213,-0.945,-1.21,-1.475,-1.605,-2.58,-0.905,-0.995,-1.895,-1.735,-1.295,-0.84,-0.755,-1.125,-1.555,-1.975,-0.73,-0.64,-2.835,-1.8,-0.925,7.603,11.6583,9.9347,12.1307,13.8945,10.9799,11.5276,12.9698,11.6734,10.9246,13.5528,11.2312,11.0603,17.2915,11.5327,7.8844,10.804,16.8141,13.2513,10.5578
1-212.txt_215,-1.0208,-1.2656,-1.3958,-1.6823,-2.974,-0.9948,-0.8698,-2.151,-1.5885,-1.4219,-1.1354,-0.901,-1.2656,-1.6719,-2.1146,-0.8125,-0.6667,-3.1979,-1.7448,-0.9792,8.2199,13.3089,11.7906,13.8953,15.4555,10.712,16.3455,13.089,12.8115,13.2251,13.5864,12.288,14.9581,19.8377,13.9529,7.9476,10.555,18.9634,14.1309,11.6387
1-212.txt_217,-1.0214,-1.6471,-1.2139,-1.4278,-2.8289,-1.0963,-1.0428,-2.0267,-1.8235,-1.5294,-1.262,-1.016,-1.2086,-1.4599,-2.107,-0.6791,-0.4866,-2.9251,-1.2781,-1.0374,9.2419,11.8065,15.2634,16.586,16.543,9.3548,12.1022,15.9624,12.3925,15.1882,12.6935,13.1237,12.1129,22.1667,12.4462,9.871,10.0806,15.6237,19.6075,12.5753
1-212.txt_219,-0.5261,-0.915,-0.5654,-1.0261,-1.6699,-0.549,-0.6307,-1.5882,-1.1438,-1.2778,-1.1536,-0.6536,-0.7124,-1.6046,-1.2908,-0.2026,-0.3431,-2.3725,-1.2418,-0.9869,4.5541,7.4426,11.3902,11.2295,8.5607,5.577,8.541,8.0033,5.8951,9.4164,9.9967,6.3279,5.5016,8.5377,10.4361,4.9246,6.1082,6.9443,9.7803,7.2885
1-212.txt_221,-0.5397,-1.2222,-0.6032,-1.1481,-1.4921,-0.836,-0.8783,-1.2804,-1.1534,-1.291,-1.291,-0.8836,-0.873,-1.4392,-1.4286,-0.2381,-0.291,-2.127,-1.0423,-0.9365,4.5053,5.0904,11.6011,9.1223,10.734,3.9894,7.2872,12.0532,6.6968,8.7766,7.9574,6.1489,4.4681,8.7181,8.2287,4.9202,7.9681,9.8564,12.1383,7.8298
1-212.txt_223,-1.1889,-1.25,-1.3278,-1.5389,-3.1722,-0.9722,-0.8389,-2.0833,-1.5611,-1.2278,-1,-0.9389,-1.1611,-1.6389,-2.3167,-0.9833,-0.6667,-3.3333,-1.7611,-0.9222,8.0615,13.8212,11.419,15.0615,17.9944,11.0279,14.6648,13.4525,14.648,13.7654,14.1117,13.9497,15.5978,21.1285,13.2067,9.095,10.9274,19.2402,14.0503,11.9665
1-212.txt_225,-0.934,-1.4009,-1.2783,-1.5189,-2.6698,-0.9292,-1.0613,-1.967,-1.8538,-1.4858,-1.2123,-0.9292,-1.1887,-1.5425,-1.9906,-0.6415,-0.434,-2.75,-1.3632,-1.0425,8.0427,11.0474,13.2227,16.6303,13.0569,9.9716,12.4597,12.5545,11.1137,14.3791,11.9052,13.1564,10.327,21.1564,12.6872,8.9194,10.327,15.7867,16.9289,11.872
1-212.txt_227,-0.4068,-1.5198,-1.1243,-1.5311,-1.6045,-0.9661,-1.2203,-1.2034,-1.5028,-1.1977,-1.2429,-1.0791,-0.7966,-1.6723,-1.6893,-0.3729,-0.3277,-2.4407,-1.3672,-0.774,5.483,6.3011,8.9091,10.142,10.9886,3.7784,6.0455,12.8977,7.8523,10.1818,11.1136,6.392,6.9148,7.7898,9.858,6.7898,5.9545,12.4489,8.1193,8.9659
1-212.txt_229,-0.8227,-1.4729,-0.7833,-1.2709,-2.4778,-1.0936,-1.0739,-1.7833,-1.6453,-1.3842,-1.3103,-0.9261,-1.33,-1.197,-1.9606,-0.5764,-0.4631,-2.5468,-1.0542,-0.9163,7.7822,9.495,13.1485,15.9109,13.2277,7.9901,11.8564,10.9208,8.9059,10.802,10.9406,12.1188,10.1535,18.4604,10.2376,8.3366,9.4158,16.5693,19.4307,11.0099
1-212.txt_231,-0.9469,-1.1111,-1.1353,-1.1256,-2.4638,-0.6473,-0.5459,-2.0676,-1.2802,-1.2995,-1.2029,-0.6184,-1.0048,-1.4879,-1.913,-0.7923,-0.7295,-2.5266,-1.4686,-1.1594,5.7816,8.165,11.767,14.3544,7.6845,8.5049,13.8641,9.4029,9.9223,12.0728,12.4272,8.7816,7.1845,13.1214,11.1359,6.3835,7.0243,11.5388,9.3689,9.0437
1-212.txt_233,-0.6753,-1.3853,-0.8355,-1.2987,-2.316,-1.1385,-1.1126,-1.7749,-1.671,-1.3117,-1.2987,-0.8398,-1.2294,-1.3074,-1.8874,-0.4978,-0.4848,-2.5022,-1.1212,-0.9091,8.0739,9.8348,13.8043,15.2348,11.6217,6.7087,9.3174,10.8087,9.2826,12.013,10.3565,10.2696,7.0217,18.9043,9.8609,8.7957,8.8304,15.3826,18.7652,9.7304
1-212.txt_235,-1.3051,-1.3785,-1.3446,-1.452,-2.9435,-0.9887,-0.7627,-2.3729,-1.5876,-1.3107,-1.1977,-0.7458,-1.096,-1.7966,-2.3955,-1.0169,-0.548,-3.4915,-1.6723,-1.0226,6.2727,14.1023,12.6364,13.2386,16.9091,10.9432,14.7216,14.3011,14.3182,15.0568,13.4261,13.8864,13.5227,18.4773,11.9148,7.9602,9.9545,12.3807,14.6364,11.9716
1-212.txt_237,-0.869,-1.1862,-0.6655,-1.1414,-2.3414,-0.769,-0.7793,-1.8759,-1.5207,-1.2828,-1.2517,-0.6793,-1.1276,-1.4069,-1.7586,-0.5276,-0.5448,-2.5,-1.0931,-0.8345,6.5606,9.2353,14.5917,14.7163,9.2388,8.3668,10.6886,10.0865,6.5848,11.8651,10.8512,11.5675,7.2561,16.0208,9.1315,7.1453,7.3564,11.7059,16.09,10.7612
1-212.txt_239,-0.8458,-1.4925,-0.8657,-1.4229,-2.607,-0.9552,-1.2139,-1.8557,-1.7463,-1.5174,-1.4975,-0.8706,-1.5224,-1.204,-1.9254,-0.7214,-0.4328,-2.5622,-0.9851,-1.0547,7.895,11.12,12.565,15.86,13.63,9.24,11.945,12.725,10.56,11.56,10.74,11.255,9.9,21.44,10.7,9.575,9.945,18.135,22.205,10.9
1-212.txt_241,-0.6419,-1.3144,-0.5459,-0.8297,-1.8559,-0.6943,-0.6114,-1.5677,-1.3799,-1.4541,-1.3843,-0.7424,-0.9869,-1.5939,-1.7642,-0.393,-0.0524,-2.3057,-1.1266,-1.0262,5.2851,4.6272,12.4254,11.9123,9.8596,6.307,10.5614,9.7281,5.9079,7.9825,8.5044,7.9342,5.2895,12.0219,7.4035,5.3728,7.8816,11.1579,13.3333,8.7149
1-212.txt_243,-1.1526,-1.2,-1.5,-1.5579,-3.0737,-0.9421,-0.7895,-2.3632,-1.4789,-1.3421,-1.1579,-0.7947,-1.2263,-1.5684,-2.1895,-0.9579,-0.6842,-3.3474,-1.7211,-0.9684,6.6402,13.7778,11.5132,13.9735,15.4868,10.9312,15.1164,13.7619,14.1799,12.7672,14.8571,14.2011,14.3704,20.0794,15.2381,9.1852,10.7937,15.8783,14.3228,11.9471
1-212.txt_245,-1.0649,-1.2757,-1.3838,-1.5027,-3.0757,-0.8162,-0.7405,-2.0324,-1.5838,-1.3459,-1.0919,-0.8,-1.0919,-1.4486,-2.2919,-0.8486,-0.6216,-3.1297,-1.6,-0.8757,7.2446,11.9022,12.4674,16.1793,14.0217,11.3043,14.7011,11.3696,10.9728,13.6304,12.9293,12.1902,14.5489,21.4674,12.0326,8.3913,9.4946,17.6141,14.913,9.5
1-212.txt_247,-1.1818,-1.375,-1.4659,-1.4318,-3.1875,-1.0455,-0.8239,-2.2784,-1.8068,-1.4148,-1.0739,-1.0511,-1.2159,-1.6023,-2.3409,-0.9545,-0.5682,-3.2443,-1.8807,-1.1136,7.28,12.9886,11.0171,13.48,15.8171,13.7486,15.5829,14.9886,14.7771,13.5257,13.2571,14.8686,13.2743,20.5371,14.0514,8.32,10.9943,19.68,13.4857,11.08
1-212.txt_249,-0.9756,-1.439,-0.9106,-1.3659,-2.0813,-0.7886,-0.935,-1.8049,-1.2683,-0.9919,-1.0813,-1.122,-0.6829,-1.5691,-1.878,-0.8211,-0.6911,-2.7073,-1.0813,-0.878,2.5246,6.6557,13.4098,12.9754,7.541,8.0984,13,12.0574,13.9016,16.9426,12.7295,8.2377,7.7377,9.8689,7.9836,6.6393,3.6393,4.7623,11.3197,14.4098
1-212.txt_251,-0.785,-1.335,-0.895,-1.46,-2.295,-1.145,-1.16,-2.005,-1.585,-1.5,-1.415,-0.88,-1.32,-1.52,-1.84,-0.72,-0.65,-2.695,-1.195,-0.94,8.3015,11.8844,12.7789,15.0302,12.4824,7.4874,9.2312,11.5025,10.3869,12.8191,13.0251,11.2312,10.1256,18.804,12.2362,8.0653,8.9447,15.5427,18.0201,11.809
1-212.txt_253,-0.6995,-1.1527,-0.8424,-1.4335,-2.3448,-1.0296,-1.0345,-1.7833,-1.6552,-1.4877,-1.3892,-0.8818,-1.1724,-1.5764,-1.6158,-0.6404,-0.6355,-2.5567,-1.2118,-0.8571,7.5198,11.104,12.2079,12.8812,10.4802,7.0792,10.4257,11.8218,8.5248,12.0941,10.8812,11.3317,8.8317,18.1832,11.1683,8.2921,7.3614,14.9257,16.9901,10.7525
1-212.txt_255,-0.662,-1.1296,-1.0278,-1.1389,-2.463,-0.5509,-0.6111,-1.6991,-0.9398,-1.713,-1.6111,-0.3981,-1.0926,-1.5694,-1.8565,-0.5787,-0.588,-2.1852,-0.8194,-1.3889,5.2047,7.3767,8.6698,15.493,3.4279,9.4791,11.5907,11.4791,11.8279,9.7163,8.5349,11.1535,5.9209,16.4,8.7953,6.493,7.4,14.1767,20.4,8.7116
1-212.txt_257,-1.2601,-1.3988,-1.5029,-1.6185,-3.1329,-1.0058,-0.8324,-2.3064,-1.5665,-1.4277,-1.3468,-0.7457,-1.2139,-1.6127,-2.4046,-0.9364,-0.5896,-3.4566,-1.6994,-1.0694,6.907,11.7326,13.8081,14.6628,16.564,11.2849,15.1453,15,15.2035,14.186,14.7558,14.8547,14.4826,19.8953,11.0233,9.6163,9.7907,13.5872,16.1163,11.3081
1-212.txt_259,-0.8839,-1.1562,-0.6205,-1.433,-1.8482,-0.8036,-1.0402,-1.683,-1.125,-1.2321,-1.2946,-0.9286,-0.7589,-1.3393,-1.7366,-0.4464,-0.1518,-2.317,-1.0045,-0.9732,3.3722,9.4933,14.8789,11.1031,11.852,6.3722,8.3094,10.5247,8.4081,11.0135,11.852,7.7668,8.0135,14.3274,8.9327,7.7758,8.583,11.9238,11.9686,9.0538
1-212.txt_261,-1,-1.5602,-1.1309,-1.5812,-2.7487,-1.0942,-1.0733,-2.0052,-1.9005,-1.3979,-1.2251,-0.9058,-1.4136,-1.4293,-2.1361,-0.7068,-0.3927,-2.8691,-1.3298,-1.0524,7.6684,10.8684,14.2053,18.2211,14.3316,11.0895,12.7421,13.8,11.7105,13.4947,13.5737,10.9211,12.3368,21.1105,12.4368,9.1842,9.4474,15.3,19.8579,10.6737
1-212.txt_263,-1.1784,-1.3892,-1.3946,-1.5297,-3.1459,-1.0054,-0.8757,-2.2541,-1.5459,-1.4216,-1.1081,-0.9297,-1.2811,-1.5622,-2.3892,-0.9459,-0.6703,-3.4054,-1.8,-1.0595,7.1793,12.9348,11.3098,14.913,16.4022,13.4728,16.8587,14.2772,17.4674,14.2989,12.8478,14.4457,12.8152,20.75,13.2772,7.1196,11.5489,17.1685,13.0598,12.6196
1-212.txt_265,-0.9296,-1.6281,-1.5578,-1.8945,-2.6432,-1.1307,-1.1558,-2.407,-1.3467,-1.4975,-1.1759,-0.9698,-0.8894,-1.5176,-2.2814,-1.4673,-1.3467,-2.995,-1.3467,-1.3467,10.5909,18.298,14.3384,18.5808,17.303,12.4646,16.0758,12.6566,16.1212,17.4141,18.9697,16.5303,15.8333,28.0859,21.6364,8.7576,7.8384,24.9899,22.2273,12.5808
1-212.txt_267,-0.7059,-1.4559,-0.9412,-1.4167,-2.2647,-0.9902,-1.1225,-1.6471,-1.7451,-1.3922,-1.2696,-0.9461,-1.2696,-1.3627,-1.6324,-0.5147,-0.5196,-2.5392,-1.1814,-0.8873,8.1182,10.6404,13.0049,14.3744,12.8867,8.6552,9.7241,11.8325,8.5911,11.2118,11.3596,9.7143,8.1379,19.1527,14.0296,8.6897,8.6502,15.8522,18.5517,11.0246
1-212.txt_269,-1.1148,-1.3661,-1.3333,-1.4809,-3.0929,-0.9235,-0.8579,-2,-1.5519,-1.2896,-1.0383,-0.8306,-1.2295,-1.4918,-2.2459,-0.929,-0.623,-3.3443,-1.5792,-0.9781,6.9945,12.3297,11.4176,11.5,15.3516,12.1538,12.7308,12.9231,13.6813,12.7253,11.5714,12.8462,12.2033,19.3956,13.7857,7.5879,9.3187,14.0989,13.3077,9.8407
1-212.txt_271,-0.1892,-1.0649,-0.8162,-0.9351,-1.4541,-0.5027,-0.5189,-1.4,-1.373,-1.1189,-1.1189,-0.7027,-0.6757,-1.6108,-1.5405,-0.0865,-0.3784,-2.4486,-1.3784,-0.7514,6.337,5.4728,8.8696,12.7065,9.1196,5.7228,8.8424,9.4185,4.3424,8.5217,7.9565,4.7989,4.9457,6.538,4.4837,6.3424,5.0652,4.6848,6.9293,8.2446
1-212.txt_273,-1.0404,-1.303,-1.2424,-1.4141,-2.8283,-0.9293,-0.798,-1.9495,-1.5455,-1.3384,-1.0707,-0.8182,-1.2424,-1.4444,-1.9192,-0.9747,-0.5707,-2.9545,-1.5303,-1,7.2538,10.8223,12.066,13.1218,14.5888,11.8426,14.4264,13.665,11.8274,12.0305,13.2538,12.5381,12.1218,17.0203,13.3655,8.4873,11.6244,18.0355,13.1472,11.5279
1-212.txt_275,-1.1005,-1.2261,-1.3467,-1.392,-2.8442,-0.8995,-0.7085,-1.9246,-1.5176,-1.2563,-1.1106,-0.809,-1.1809,-1.4774,-1.9347,-0.8492,-0.5829,-2.9246,-1.6734,-0.9799,8.4343,10.5404,11.9495,13.0051,13.1566,11.3232,13.803,13.8131,11.8586,12.2323,13.6313,12.6061,12.1162,19.2828,12.7879,8.2879,10.0303,14.5051,13.4192,11.3232
1-212.txt_277,-1.0435,-1.3152,-1.4076,-1.5652,-3.1359,-0.9185,-0.7717,-2.25,-1.5978,-1.2609,-1.1739,-0.8696,-1.3587,-1.5217,-2.3424,-0.9457,-0.6793,-3.25,-1.6304,-0.9837,6.8852,13.1694,12.5191,14.3825,15.8033,10.4863,14.8033,14.9016,12.4098,14.4098,13.2186,14.4973,12.1749,20.8907,13.6339,8.9454,10.459,17.5137,15.5301,11.5355
1-212.txt_279,-1.085,-1.245,-1.26,-1.435,-2.705,-0.875,-0.72,-1.965,-1.415,-1.245,-1.125,-0.78,-1.175,-1.425,-1.92,-0.95,-0.545,-2.875,-1.575,-0.93,7.7136,10.7588,12.0151,14.3015,13.8191,10.6432,13.4121,13.7588,13.5075,12.0603,13.2613,12.2714,14.2412,18.0201,11.8291,8.7889,10.6935,16.7337,13.1608,11.2663
1-212.txt_281,-1.025,-1.295,-1.345,-1.405,-2.77,-1.055,-0.82,-1.915,-1.675,-1.24,-1.045,-0.855,-1.085,-1.285,-1.84,-0.865,-0.55,-2.78,-1.61,-0.925,7.9548,10.5578,11.598,12.4121,14.4322,11.9899,13.1357,13.5829,10.7387,11.4623,12.9246,12.5477,11.8593,17.5226,13.3769,8.3869,9.6281,17.7387,13.9196,11.0854
1-212.txt_283,-1.04,-1.225,-1.315,-1.31,-2.705,-0.83,-0.815,-2.03,-1.555,-1.255,-1.025,-0.795,-1.105,-1.335,-1.905,-0.92,-0.575,-2.8,-1.63,-0.915,6.6131,10.3166,11.9146,13.2462,14.1658,11.0251,12.3166,13.9246,9.8141,11.9397,12.3467,11.8894,11.7437,18.1608,12.4925,7.593,9.6734,17.1357,13.5729,10.6734
1-212.txt_285,-1.0254,-1.2944,-1.3046,-1.4569,-2.8528,-1.0355,-0.8477,-1.9746,-1.6041,-1.2132,-1.0711,-0.8376,-1.203,-1.2944,-1.9137,-0.9645,-0.533,-2.9492,-1.5736,-0.9543,7.6071,11.4694,11.8214,13.7143,14.148,12.1378,13.4592,13.6378,10.5306,12.0765,12.602,12.7449,12.7908,19.0561,12.75,8.6224,10.5459,14.9643,14.3878,11.5204
1-212.txt_287,-0.8902,-1.2744,-1.3659,-1.8171,-2.8537,-0.8659,-1.0366,-1.7561,-1.5244,-1.3963,-0.9817,-0.872,-0.9817,-1.5732,-1.75,-0.7378,-0.5122,-2.6829,-1.6768,-1.0061,7.2822,9.5337,13.4049,12.546,9.9325,11.1411,11.6564,14.2515,10.5215,10.0368,12.7975,11.0675,11.9571,17.3374,12.3313,9.3129,10.4172,16.6687,17.2761,10.8589
1-212.txt_289,-0.8764,-1.3708,-1.7247,-1.6292,-2.9045,-1.1011,-0.7809,-2.0449,-1.809,-1.4382,-1.0337,-0.8596,-1.0112,-1.8146,-2.0337,-0.7978,-0.764,-3.5225,-2.118,-0.8764,7.9492,12.7006,9.6949,14.3503,13.4011,10.0678,14.2542,15.4802,12.2147,12.3955,15.3277,13.9605,12.4746,19.6215,10.9322,8.4124,12.5593,11.6497,14.0226,10.8927
1-212.txt_291,-0.9341,-1.3352,-1.6264,-1.6868,-3.0769,-0.978,-0.978,-2.1154,-1.6374,-1.5165,-0.989,-0.9066,-1.3022,-1.8077,-2.2802,-0.8132,-0.6044,-2.956,-1.9011,-1.0385,7.8287,13.105,10.8895,13.5249,15.7514,12.0166,14.8177,14,13.3315,11.4751,15.5691,13.1657,10.9116,20.779,13.5193,9.663,10.5414,18.1989,13.5414,11.0884
1-212.txt_293,-1.044,-1.3022,-1.4451,-1.6484,-3.022,-1.0165,-0.989,-2.2088,-1.5934,-1.5,-1.0604,-0.9176,-1.1758,-1.7857,-2.3681,-0.9341,-0.6319,-3.1154,-1.8956,-1.0769,8.6961,12.8729,11.5083,13.6906,17.1326,12.8564,15.7956,14.5138,14.221,12.4088,17,13.3204,12.5856,20.3204,13.5635,8.9558,10.9724,18.9724,14.895,11.6409
1-212.txt_295,-1.0833,-1.35,-1.5056,-1.6,-3.0333,-0.95,-0.8833,-2.3222,-1.5944,-1.4278,-1.0111,-0.7833,-1.2167,-1.6556,-2.4111,-0.9167,-0.6944,-3.3722,-1.9444,-1,7.5307,12.905,13.2737,14.8156,14.7709,10.6313,16.3073,12.8101,14.3296,13.2626,13.3966,13.7765,13.7151,22.933,14.8827,8.9106,12.2235,18.162,16.8994,11.6592
1-212.txt_297,-0.8304,-1.058,-1.2232,-1.1696,-2.442,-0.7812,-0.8393,-1.6295,-1.4955,-1.0536,-0.8705,-0.7455,-0.8348,-1.2589,-1.567,-0.7545,-0.5625,-2.308,-1.4554,-0.9286,6.0942,9.6054,10.5605,11.6368,11.8475,10.7444,11.1525,11.9283,8.5291,9.0673,11.1121,10.6592,9.4484,16.3453,9.3498,7.3991,9.1121,15.5381,14.5022,8.5874
1-212.txt_299,-0.9485,-1.1588,-1.1073,-1.3047,-2.5751,-0.824,-0.8541,-1.8412,-1.5751,-1.2017,-1.0043,-0.6824,-0.97,-1.3133,-1.7811,-0.8283,-0.5236,-2.6695,-1.4506,-0.9142,6.2241,10.3276,11.3664,12.0259,10.569,10.4612,11.4741,13.2198,9.9397,12.8362,12.2802,9.7802,10.0172,15.6595,10.8621,7.3621,9.4397,16.4095,14.1983,9.4655
1-212.txt_301,-1.0622,-1.3368,-1.7358,-1.7824,-2.9067,-1.0933,-0.7979,-2.3472,-1.6218,-1.4767,-1.1762,-0.9171,-1.1347,-1.6166,-2.2798,-0.8549,-0.8394,-3.2073,-1.7668,-0.9845,9.3177,13.5208,10.8438,13.8333,16.5312,12.9271,17.2812,13.375,12.4375,12.7917,16.599,13.5417,12.026,18.901,16.7708,9.8229,10.6302,18.1667,14.8542,11.5104
1-212.txt_303,-0.4043,-1.0904,-0.6596,-1.1968,-1.6809,-0.7713,-0.8138,-1.0372,-1.3511,-1.3032,-1.3032,-0.7606,-0.7979,-1.4202,-1.5479,-0.0798,-0.367,-2.1383,-1.2926,-0.9628,4.3743,6.3209,10.4492,8.6471,5.9251,5.9091,8.8128,13.7487,4.1176,10.2246,7.9572,7.2888,5.0481,12.2727,7.6364,5.8075,6.3316,11.2727,8.4866,8.7059
1-212.txt_305,-0.3606,-1.2681,-0.698,-0.6502,-2.0786,-0.812,-0.8012,-1.1125,-1.4869,-1.621,-1.6502,-0.9199,-1.2542,-1.8983,-1.2096,-0.151,-0.3898,-2.4407,-1.5901,-1.1202,6.5972,6.1867,9.4923,12.6327,4.9228,5.9537,6.8981,14.5679,6.0293,9.7654,8.8194,5.3503,5.6049,10.1713,11.6481,6.4707,6.625,10.0463,9.284,9.1497
1-212.txt_307,-1.1071,-1.25,-1.4184,-1.4898,-3.0306,-0.9031,-0.8061,-2.0357,-1.6378,-1.2347,-1.0714,-0.898,-1.1582,-1.5459,-2.0612,-0.9592,-0.5969,-2.9949,-1.7296,-1.0102,6.7897,12.1179,12.2513,13.0051,13.3692,12.6359,15.2359,13.7436,11.9692,13.1795,14.0923,13.6667,12.7231,20.0872,13.0051,8.9128,10.6308,17.2,13.041,11.7641
1-212.txt_309,-1.0253,-1.3131,-1.2727,-1.4091,-2.803,-0.9444,-0.8182,-1.9293,-1.5909,-1.2525,-1.1061,-0.8889,-1.1566,-1.3687,-1.9293,-0.9949,-0.5101,-2.9646,-1.6515,-0.9646,7.401,10.9695,12.2589,13.1574,14.4416,12.1015,13.934,13.1421,10.8274,13.2234,12.6345,12.9492,12.8071,19.5736,12.7919,9.0508,9.5736,16.1117,14.0355,12.0609
1-212.txt_311,-1,-1.1498,-1.285,-1.4734,-2.8502,-0.8164,-0.8164,-1.8502,-1.5217,-1.2126,-0.9758,-0.8502,-1.1111,-1.5797,-1.9179,-0.9565,-0.5797,-2.971,-1.7391,-0.9855,6.801,11.767,10.9563,12.5049,13.5291,12.4951,14.0583,14.1748,11.2524,11.9078,12.2282,12.4029,12.2864,18.301,11.8835,8.0922,9.9854,15.3155,13.301,11.5825
1-212.txt_313,-1.096,-1.2576,-1.3636,-1.4242,-2.9646,-0.8687,-0.8182,-2.0455,-1.6667,-1.2626,-1.1263,-0.8687,-1.1667,-1.4646,-2.0101,-0.9747,-0.5455,-2.9495,-1.6515,-1.0303,7.4315,11.7919,12.7462,13.7868,13.7614,11.9797,14.3604,14.3706,10.6345,12.9239,12.8274,12.6548,12.7766,18.5279,13.0558,8.5076,9.9645,17.4315,13.4975,12.0508
1-212.txt_315,-1.0657,-1.298,-1.3535,-1.4545,-2.798,-0.9949,-0.8636,-2,-1.596,-1.2323,-1.0354,-0.8283,-1.1515,-1.4697,-1.9343,-0.9394,-0.5758,-2.8232,-1.6212,-0.9545,7.9594,11.9543,11.7716,14.731,14.4315,11.868,13.8122,13.9036,11.5787,13.335,12.9188,13.5178,13.9746,18.8223,12.599,8.2893,10.6091,17.3401,13.467,10.8223
1-212.txt_317,-1.0505,-1.3384,-1.2727,-1.3788,-2.7677,-0.9545,-0.8232,-1.9343,-1.5909,-1.2475,-1.0808,-0.9091,-1.1515,-1.3788,-1.9747,-0.9848,-0.5,-2.9444,-1.6667,-0.9747,7.5228,11.264,12.401,13.3909,14.6751,11.9086,14,13.2081,10.9594,13.0711,12.6244,12.6599,12.9391,19.4822,12.5482,9.2944,9.7665,16.0609,13.8223,11.7665
1-212.txt_319,-1.0758,-1.2525,-1.3384,-1.4596,-2.8788,-1,-0.8232,-2.0051,-1.5556,-1.2879,-1.0758,-0.7828,-1.202,-1.5657,-1.9192,-0.904,-0.5354,-2.8788,-1.596,-0.9545,7.4721,10.8782,12.2183,14.2437,12.9797,12.3046,13.4467,13.6396,10.9188,13.2538,13.0711,12.4822,12.9797,18.8832,12.4061,8.6751,10.0254,16.335,13.4975,11.1777
1-212.txt_321,-1.0955,-1.2714,-1.2613,-1.3769,-2.8191,-0.9397,-0.7889,-1.9899,-1.5377,-1.3216,-1.1859,-0.8191,-1.3015,-1.5176,-1.8945,-0.9296,-0.5276,-2.8342,-1.5427,-0.995,7.6869,11.8232,12.6919,13.6212,15.3131,13.1263,13.7374,13.2778,10.798,12.9293,12.8131,12.8788,12.8333,18.3838,13.3485,8.3333,9.7879,18.1616,13.2475,11.0152
1-212.txt_323,-1.0253,-1.298,-1.303,-1.4545,-2.7677,-1,-0.8131,-1.9192,-1.596,-1.2071,-1.0707,-0.8283,-1.1212,-1.3838,-1.8687,-0.8838,-0.5404,-2.8434,-1.5556,-0.9192,8.1472,10.7868,12.1472,13.4264,13.9036,11.6954,13.8071,13.5838,11.8122,11.9949,12.8376,12.4822,12.8274,18.1371,13.2893,8.2386,9.8934,18.4264,13.401,11.8731
1-212.txt_325,-1.07,-1.205,-1.285,-1.41,-2.74,-0.875,-0.76,-1.925,-1.51,-1.25,-1.155,-0.86,-1.215,-1.445,-1.985,-0.965,-0.555,-2.845,-1.645,-1.045,7.9296,11.9899,12.7085,13.7337,15.0503,11.407,13.3518,13.2211,11.5879,11.8945,12.4271,11.5427,13.4874,18.8643,12.5578,8.9347,10.0101,18.1206,14.3869,11.6181
1-212.txt_327,-1.0404,-1.2929,-1.303,-1.3939,-2.8939,-1.0101,-0.8687,-1.8889,-1.5455,-1.3535,-1.0859,-0.7727,-1.2172,-1.4747,-1.8384,-0.8838,-0.5404,-2.8283,-1.6061,-1.0404,7.6599,11.203,11.9036,13.1675,13.0152,11.6142,13.9695,13.2081,12.1777,12.6599,13.3909,12.5482,13.0964,18.2183,13.0051,8.2284,10.665,17.2183,14.0203,12.0812
1-212.txt_329,-1.096,-1.2828,-1.3485,-1.4697,-2.8889,-1.0404,-0.8737,-1.9949,-1.6212,-1.3131,-1.0758,-0.8081,-1.2121,-1.5556,-1.9596,-0.9091,-0.5859,-2.9697,-1.6717,-0.9646,7.9492,11.1827,12.0558,13.8883,13.9137,12.335,13.7411,14.1269,11.0203,13.3756,13.264,12.3096,14.0152,19.2487,11.7462,8.5736,11.0609,16.5584,14.0863,11.3096
1-212.txt_331,-1.0804,-1.2462,-1.3166,-1.4221,-2.8141,-0.9196,-0.9095,-1.9497,-1.593,-1.206,-1.1307,-0.8442,-1.1809,-1.4774,-1.9095,-0.9648,-0.5176,-2.9497,-1.6834,-0.9899,7.5101,11.3434,12.2424,13.0909,14.404,12.2323,14.2929,13.6667,10.7121,13.2677,13.1212,13.0404,12.6162,16.8081,12.3889,8.6818,9.5606,16.2424,13.2121,10.8939
1-212.txt_333,-1.0874,-1.3169,-1.1858,-1.5246,-3.0874,-0.9945,-0.8579,-2.2077,-1.5246,-1.2842,-1.1311,-0.8033,-1.1148,-1.3388,-2.377,-0.9891,-0.6503,-2.9399,-1.5464,-0.9344,7.8956,12.7857,11.044,14.8571,16.6758,14.0275,13.8407,15.0659,14.9725,13.9286,13.8846,13.4835,13.0055,20.2143,13.4505,9.2198,11.033,18.5879,15.022,10.8462
1-212.txt_335,-0.8848,-1.3152,-1.3879,-1.5879,-2.6606,-0.9333,-1.1394,-1.8424,-1.5939,-1.4303,-1.0061,-0.8545,-1.1455,-1.4061,-1.9212,-0.7758,-0.5455,-2.7758,-1.6727,-0.9879,7.8963,10.1524,11.6829,12.2805,11.378,12.2805,12.4634,14.3049,10.75,11.0671,12.8659,11.878,12.9695,17.5366,10.5671,9.0915,9.6402,19.1951,15.7561,10.5061
1-212.txt_337,-0.6483,-1.189,-1.244,-1.567,-2.4163,-0.8158,-0.8804,-1.6627,-1.3876,-1.512,-1.2297,-0.9139,-1.0718,-1.6866,-1.323,-0.6268,-0.5407,-2.7225,-1.6483,-1.11,6.729,9.3885,8.494,10.4748,10.7242,9.1631,9.9784,15.2158,12.4317,10.6139,12.0935,8.8201,8.6163,12.9832,19.1918,6.6331,8.1199,15.048,10.2158,8.4532
1-212.txt_339,-1.0237,-1.2844,-1.2844,-1.4455,-2.7488,-0.9289,-0.7678,-1.9905,-1.545,-1.3223,-1.0664,-0.8341,-1.1611,-1.4692,-1.9147,-0.9289,-0.6114,-2.7915,-1.6256,-0.981,7.1952,11.0952,11.5905,12.8619,13.0286,12.1095,13.6095,13.0857,12.1,12.3143,12.1238,12.1762,13.1714,17.5571,13.4905,7.4857,9.6048,16.7476,13.4286,11.319
1-212.txt_341,-1.0955,-1.2111,-1.2814,-1.3618,-2.8844,-0.9246,-0.7638,-1.9849,-1.5226,-1.3116,-1.1055,-0.7688,-1.1407,-1.5678,-1.9045,-0.9899,-0.593,-2.8291,-1.5427,-1.0452,7.6919,11.1263,12.0707,13.2677,13.2475,11.5707,13.1616,14.0808,12.5758,12.0606,12.9697,12.3182,13.5909,19.0556,12.5455,8.2525,10.6465,20.1818,13.4495,11.3939
1-212.txt_343,-1.1206,-1.2663,-1.2864,-1.392,-2.8191,-0.9095,-0.8392,-2,-1.4925,-1.2764,-1.0452,-0.8191,-1.0854,-1.4874,-1.9095,-0.9497,-0.5829,-2.7889,-1.5276,-1.0201,7.4192,11.4495,11.9697,13.1919,14.9242,11.7374,13.2525,13.3434,12.3939,11.9545,12.6818,12.1061,12.5808,18.4697,13.3636,7.9091,9.904,20.7475,13.6616,11.3838
1-212.txt_345,-1.0354,-1.2525,-1.3434,-1.4343,-2.803,-0.9949,-0.9495,-2.0152,-1.5253,-1.2828,-1.0303,-0.7778,-1.1717,-1.5,-2,-0.9646,-0.6212,-2.9242,-1.5758,-0.9848,7.7919,11.3604,12.1726,14.2284,13.198,11.5533,13.3553,14.1827,12.8782,13.6751,13.2792,12.6701,13.3401,18.8579,12.3503,8.5635,10.269,16.3147,13.7513,11.1929
1-212.txt_347,-1.0673,-1.2115,-1.2933,-1.399,-2.7692,-0.9615,-0.8654,-1.9231,-1.6202,-1.2356,-1.0529,-0.8221,-1.0721,-1.5288,-1.8558,-0.8846,-0.5721,-2.875,-1.6587,-0.9087,7.6957,10.7101,11.9662,12.4976,12.9034,11.6522,13.8889,12.9565,10.401,12.1498,13.1208,12.3527,13.1449,16.7343,13.3237,8.4734,9.8599,15.5797,12.8986,11.3237
1-212.txt_349,-1.0761,-1.3152,-1.3696,-1.6359,-3.1522,-0.962,-0.913,-2.212,-1.5326,-1.2609,-1.1141,-0.9293,-1.0435,-1.4348,-2.4022,-1.0217,-0.6902,-3.0761,-1.6304,-0.9728,7.4481,14.0492,12.0656,14.929,15.7541,13.4699,15.5137,15.3661,13.4645,14.306,13.4044,14.765,13.3661,21.4809,12.5301,8.5082,11.0874,18.694,15.6612,10.5027
1-212.txt_351,-1.0337,-1.25,-1.3846,-1.4712,-2.7308,-0.9279,-0.8558,-1.9375,-1.6202,-1.2019,-1.0721,-0.851,-1.0913,-1.375,-1.8702,-0.9135,-0.5288,-2.9087,-1.6442,-0.9231,7.2319,10.2657,11.6667,12.9807,13.2222,11.2657,13.8599,12.9275,10.372,12.0725,13.4106,12.9324,13.2029,17.256,12.8309,8.9565,9.5024,15.2222,13.0821,11.343
1-212.txt_353,-0.8165,-1.3101,-1.4684,-1.6456,-2.8861,-0.8418,-1.0443,-1.8101,-1.481,-1.3734,-1.0506,-0.9304,-1.0063,-1.5823,-1.8481,-0.7595,-0.5,-2.7342,-1.7152,-1.0127,7.3248,9.5732,11.9618,11.9236,10.7389,13.1847,12.2803,13.0573,10.4076,11.465,13.1083,11.8599,11.3312,18.2994,12.9427,8.5924,10.242,17.9299,15.3376,10.1146
1-212.txt_355,-0.8506,-1.3966,-1.5287,-1.5632,-2.6437,-0.954,-0.9425,-1.8793,-1.6379,-1.2356,-0.9943,-0.8851,-0.8678,-1.5517,-1.7759,-0.7356,-0.6034,-2.8448,-1.7644,-0.9023,7.8728,10.4509,11.1503,12.0983,11.8092,12.2486,12.5434,13.1387,9.6474,10.3931,12.4451,11.104,12.052,17.341,12.9884,9.5087,9.4451,16.9827,15.185,10.6474
1-212.txt_357,-0.8333,-1.3621,-1.5402,-1.5575,-2.6264,-0.9483,-0.9598,-1.9195,-1.7299,-1.2184,-1.0345,-0.8851,-0.9195,-1.4885,-1.8563,-0.7241,-0.6149,-2.8621,-1.7816,-0.8908,7.711,10.4971,11.1618,12.1445,11.6012,11.948,12.8786,13.289,8.9653,10.6474,13.4046,10.8613,12.0058,17.422,13.0578,9.4855,9.0405,17.7803,15.0116,10.8439
1-212.txt_359,-1.033,-1.3571,-1.5,-1.8022,-2.9505,-1.0495,-0.9725,-2.1484,-1.6209,-1.4176,-1.022,-0.9396,-1.1154,-1.7308,-2.3132,-0.9451,-0.6429,-3.2308,-1.8571,-1.022,7.7459,11.9448,12.8011,13.9227,14.4807,11.6575,16.2597,14.2376,15.5691,13.6906,14.5138,13.9503,12.5525,22.0773,13.674,9.7624,11.9448,18.8729,16.6961,11.5746
1-212.txt_361,-1.0308,-1.2769,-1.4051,-1.6513,-2.959,-1,-0.7949,-2.1641,-1.7282,-1.4308,-1.2103,-0.8308,-1.2769,-1.6667,-1.9949,-0.8205,-0.6256,-3.1436,-1.7436,-1.0103,8.2062,12.5052,11.5155,13.7577,17.2268,11.0103,15.732,12.8454,12.0155,13.4021,14.0979,12.2165,14.7526,18.9794,14.567,8.5876,10.9072,18.9948,14.299,11.5464
1-212.txt_363,-1.0773,-1.4144,-1.5138,-1.6851,-2.9448,-0.9503,-0.8785,-2.1547,-1.7238,-1.3867,-0.9724,-0.7735,-1.2099,-1.5856,-2.2928,-0.9558,-0.7293,-3.3315,-1.8453,-0.9337,6.35,12.6,13.1778,15.3,14.7444,11.7333,16.5833,13.6222,11.6167,12.9722,13.5556,13.8444,12.1333,22.8056,14.8,9.3722,11.2944,17.4278,15.9778,12.1889
1-212.txt_365,-1.0051,-1.2424,-1.3434,-1.404,-2.7778,-0.9646,-0.8586,-1.8737,-1.6364,-1.2626,-1.0606,-0.8838,-1.101,-1.4343,-1.8687,-0.9444,-0.4949,-2.9444,-1.6313,-1.0303,7.9442,11.4873,12.0203,12.2335,14.0711,11.0558,13.9594,13.5584,10.8782,11.9391,12.9036,11.8934,12.2234,17.8832,13.0457,7.5381,10.0609,15.7056,14.1218,10.8832
1-212.txt_367,-0.8368,-1.318,-1.431,-1.5858,-2.4519,-0.8745,-0.9791,-1.8954,-1.5941,-1.3598,-1.0293,-0.8033,-1.0335,-1.6192,-2.113,-0.7197,-0.6025,-3.0628,-1.7782,-0.9498,6.042,10.5252,10.895,13.2395,16.1639,9.3655,13.5,13.4118,12.9118,11.8655,13.1387,10.0336,10.7143,18.8908,13.5714,8.2311,10.6891,14.1723,12.7017,11.4244
1-212.txt_369,-1.3006,-1.4104,-1.4393,-1.5376,-3.2601,-1.1156,-0.8266,-2.2775,-1.7225,-1.4913,-1.3121,-1.0405,-1.422,-1.5376,-2.2659,-1.0694,-0.6474,-3.1618,-1.8035,-1.0636,7.5174,13.3198,11.7907,14.9942,16.4593,13.7907,17.0058,15.5872,13.0988,15.5116,16.0174,14.7733,16.2035,20.5814,12.6977,10.0814,11.7267,21.5756,14.9767,11.8837
1-212.txt_371,-0.8557,-1.408,-0.801,-1.2587,-2.3632,-1.0448,-0.9652,-1.6567,-1.5323,-1.5274,-1.5771,-0.8905,-1.3881,-1.6368,-1.6716,-0.5721,-0.5075,-2.408,-1.2289,-1.01,8.125,10.01,13.28,13.795,14.725,8.375,10.09,11.26,9.06,10.89,10.38,11.995,8.88,16.695,14.17,7.965,9.315,17.025,18.18,10.52
1-212.txt_373,-0.9711,-1.3699,-1.4277,-1.4566,-2.6012,-0.8728,-1.1272,-1.8266,-1.8844,-1.3584,-1.1156,-0.9075,-1.0289,-1.7977,-1.711,-0.6994,-0.6185,-2.7861,-1.7919,-1.0636,6.9302,11.7849,11.0349,12.4709,11.4244,12.2326,11.9767,16.4128,8.657,11.4012,13.7849,12.2267,10.0407,18.9302,15.9651,9.1628,10.814,14.0988,12.0756,10.3314
1-212.txt_375,-0.9419,-1.436,-1.7151,-1.6279,-3.1453,-1.1628,-0.8198,-2.1163,-1.7558,-1.4709,-1.0814,-0.8663,-1.1337,-1.7674,-2.0581,-0.9651,-0.7558,-3.4767,-2.0756,-0.8721,7.9825,13.9883,9.9415,15.3158,13.462,11.1404,13.0058,16.8304,12.5322,12.1754,15.4269,14.0117,12.7135,20.7135,13.1053,7.8889,12.3333,11.614,13.6374,10.3918
1-212.txt_377,-0.7857,-1.2041,-1.6684,-1.5663,-2.6837,-0.9796,-0.6276,-1.7857,-1.6888,-1.4694,-1.0204,-0.7449,-1.0714,-1.7347,-1.8316,-0.8163,-0.7449,-3.2755,-2.0357,-0.8878,8.0872,11.8821,8.2,13.1077,14.5333,9.8359,12.2769,14.1538,10.6205,10.841,13.7026,12.3128,10.0615,18.3077,12.0462,7.4205,10.9487,10.6974,11.6923,8.6923
1-212.txt_379,-1.1359,-1.3043,-1.3587,-1.5109,-3.1359,-0.9402,-0.837,-2.1685,-1.5272,-1.413,-1.2065,-0.788,-1.1957,-1.625,-2.2663,-0.9891,-0.6793,-3.2717,-1.7228,-1,7.7377,12.4262,11.6721,15.9508,15.2459,11.5519,15.5574,14.8525,12.5027,14.4044,13.4153,14.6885,13.459,20.8743,14.3934,9.1585,11.0109,16.8579,15.8251,12.2951
1-212.txt_381,-0.7624,-1.3366,-1.6436,-1.6881,-2.6832,-1.0743,-0.7921,-1.7723,-1.7673,-1.5396,-1.0693,-0.8218,-1.0891,-1.7871,-2.005,-0.7327,-0.7327,-3.3416,-2.0792,-0.9752,7.9751,11.8557,9.1443,13.3333,14.3085,10.2438,12.7114,15.7512,11.3035,11.791,14.4129,12.7861,10.4577,18.8109,11.9154,8.2637,11.2289,10.9552,12.5174,9.4627
1-212.txt_383,-1.0944,-1.3056,-1.5222,-1.7222,-3.0444,-0.9556,-0.8833,-2.2222,-1.7556,-1.4333,-1.0667,-0.8222,-1.3444,-1.7111,-2.2222,-0.8944,-0.6556,-3.3611,-1.9,-1.05,7.1453,12.8101,13.2346,15.2402,17.0335,13.0447,15.838,14.1229,12.3296,13.5978,14.581,13.2626,13.1173,22.2905,11.8771,9.0279,10.8547,18,16.352,12.8156
1-212.txt_385,-1.1,-1.2833,-1.4889,-1.6889,-3.1056,-1.0889,-1.0167,-2.1611,-1.7667,-1.3889,-1.0778,-0.9444,-1.2278,-1.5944,-2.1722,-0.8778,-0.5667,-3.1111,-1.7833,-1.0167,8.1117,12.648,12.3464,14.9162,15.7542,11.5978,15.7318,12.7821,12.7598,13.4749,15.1788,12.6425,16.1508,20.8212,11.2793,8.4358,10.8547,20.2961,15.257,12.324
1-212.txt_387,-1.099,-1.3229,-1.3438,-1.6042,-3.0417,-0.8906,-0.7656,-2.0781,-1.599,-1.3438,-1.0781,-0.8854,-1.1875,-1.5156,-2.1927,-0.9635,-0.6979,-3.0677,-1.6771,-0.9427,7.6963,12.5654,11.7382,15.0524,15.0471,11.6492,16.1309,13.1885,14.3874,14.1728,14.5079,12.6597,14.733,19.0105,13.4293,8.445,10.8377,18.178,13.4293,11.5026
1-212.txt_389,-1.0546,-1.2459,-1.2842,-1.4098,-3.1148,-0.9126,-0.7268,-2,-1.6066,-1.3989,-1.1202,-0.765,-1.1585,-1.5956,-2.2951,-0.9891,-0.6557,-3.1967,-1.7104,-0.9454,6.8736,12.3352,12.5769,15.1099,13.1923,11.2198,14.011,13.2857,13.2363,13.0055,12.8516,12.0824,13.3077,19.6813,11.989,7.9945,10.2033,16.4176,14.4615,11.0604
1-212.txt_391,-1.0235,-1.3099,-1.1737,-1.4789,-2.8967,-0.8638,-0.7136,-1.8638,-1.507,-1.3568,-1.1362,-0.8967,-1.0939,-1.4695,-2,-0.723,-0.5681,-3.0423,-1.8216,-0.9437,7.717,11.066,11.6274,14.3349,14.2877,9.4151,13.2642,13.4623,11.5236,12.4245,12.5472,12.7783,13.0566,18.066,13.9811,8.8962,10.1934,16.1462,13.3066,9.9245
1-212.txt_393,-1.0365,-1.2552,-1.4792,-1.5469,-2.6979,-0.9792,-0.9115,-2.1094,-1.651,-1.3021,-1.1094,-0.8646,-1.1406,-1.651,-2.0417,-1,-0.6719,-2.8854,-1.7969,-0.9792,8.1728,10.712,10.9738,14.356,16.1361,11.8534,14.6963,13.8063,10.9058,12.2147,12.9476,12.9791,11.2356,18.1885,14.4398,8.7382,10.3298,22.1518,15.8377,11.0209
1-212.txt_395,-1.0707,-1.2475,-1.3636,-1.3737,-2.8283,-0.9798,-0.8081,-2.0253,-1.4899,-1.2323,-1.0404,-0.8081,-1.0808,-1.399,-1.9293,-1.0303,-0.5101,-2.9293,-1.596,-0.9646,8.0711,11.8325,12.6193,13.7462,14.4518,12.3452,14.5685,13.3452,12.132,13.3147,12.6041,11.7868,12.599,18.9543,11.6548,9.5685,10.3858,15.6954,13.3452,11.4721
1-212.txt_397,-1.096,-1.2475,-1.404,-1.4242,-2.7727,-1.0253,-0.8838,-2.0606,-1.5253,-1.2374,-1.0909,-0.8434,-1.0909,-1.4242,-1.9747,-0.9545,-0.596,-2.7778,-1.5758,-0.9899,8.3858,11.2893,12.9137,13.1472,15.0558,12.9239,12.9188,13.9137,12.401,12.3858,12.6091,12.9594,14.2234,19.0102,13.3147,8.7766,10.7817,16.8122,15.3858,11.6701
1-212.txt_399,-1.0505,-1.2929,-1.3737,-1.3333,-2.7273,-0.9596,-0.8434,-2,-1.5556,-1.2475,-1.0657,-0.8081,-1.2121,-1.3535,-1.9596,-0.9293,-0.5707,-2.9596,-1.6364,-0.9444,7.9289,11.5279,12.8426,13.3299,15.1827,12.0305,14.1269,12.8274,11.9746,13.7411,12.4721,12.7411,14.0152,17.3503,12.269,8.3198,10.0355,16.203,13.2741,11.736
1-212.txt_401,-1.2601,-1.3353,-1.4509,-1.5838,-3.2254,-1.1156,-0.8613,-2.2832,-1.6705,-1.3931,-1.2543,-1.0116,-1.3931,-1.5896,-2.3988,-1.0983,-0.6532,-3.2081,-1.8035,-1.0231,7.3081,13.2384,13.1628,15.1919,16.7267,13.8256,16.5407,15.657,12.7849,14.5,14.4186,14.2965,15.1686,20.7907,14.3256,9.4884,12.064,21.1453,14.7674,11.4942
1-212.txt_403,-1.0761,-1.2589,-1.4315,-1.4721,-2.8528,-1.0508,-0.9645,-2.0914,-1.6853,-1.1878,-0.9898,-0.9036,-1.1523,-1.4569,-2.0406,-0.9543,-0.6497,-2.8985,-1.6599,-1.0355,7.3469,11.199,12.4745,12.6224,13.4541,13.1122,14.3673,14.3112,10.9133,11.7602,12.75,13.949,11.75,19.6327,13.9031,9.0459,10.0765,15.7143,14.8112,11.2449
1-212.txt_405,-1.0631,-1.2252,-1.2793,-1.5676,-2.8964,-0.9369,-0.8829,-2.0946,-1.5721,-1.3243,-1.1036,-0.8829,-1.0766,-1.5901,-2.0495,-0.8018,-0.5991,-3.045,-1.7568,-0.9369,6.8597,12.4932,10.9186,12.2398,14.8145,12.181,14.4118,14.2217,12.5701,12.8462,13.1041,13.1357,11.1493,15.7014,14.5747,8.1222,9.9367,16.6109,11.4661,10.8416
1-212.txt_407,-0.9421,-1.3316,-0.5947,-1.1421,-2.5053,-1,-0.9,-1.6684,-1.4789,-1.6,-1.6632,-0.7579,-1.4263,-1.5474,-1.7632,-0.5789,-0.6632,-2.2684,-1.1211,-1.1105,7.6508,9.381,14.2434,14.6032,11.0582,7.5397,10.1746,11.6032,9.9101,11.0582,10.3069,11.3915,8.9312,17.9206,10.8519,8.3016,8.3492,17.6825,19.8571,11.3175
1-212.txt_409,-0.8327,-1.0571,-1.2245,-1.2408,-2.3755,-0.698,-0.6163,-1.5306,-1.351,-1.1633,-0.8163,-0.8,-0.8286,-1.1878,-1.6122,-0.6449,-0.5918,-2.3837,-1.3347,-0.8449,6.3893,9.4877,9.832,11.7787,9.4836,11.082,10.3238,11.9262,8.9057,9.0246,10.9631,8.6516,8.3648,14.9221,10.1434,7.0492,9.2213,12.4426,11.1844,8.5943
1-212.txt_411,-0.5516,-1.2908,-0.7364,-1.2038,-1.9946,-0.8424,-0.8668,-1.75,-1.4185,-1.2826,-1.3533,-0.7799,-1.0163,-1.5652,-1.5679,-0.2826,-0.413,-2.4973,-1.1902,-0.8451,6.8883,7.1608,12.9646,12.9946,9.406,6.8338,9.8719,9.8474,9.2289,12.485,10.3569,9.1553,7.8256,14.6703,9.5967,8.327,7.7057,12.8801,13.9728,10.6975
1-212.txt_413,-1.0707,-1.3043,-1.3152,-1.4239,-3.0978,-0.9293,-0.7826,-2.0543,-1.5707,-1.4293,-1.2446,-0.8859,-1.3098,-1.6033,-2.2174,-0.9837,-0.6576,-3.2446,-1.6793,-1.0326,7.3825,12.1803,12.3716,15.7432,14.2022,11.9071,15.2623,13.8251,13.1421,14.1475,13.4699,13.612,12.6393,20.2623,13.7541,9.0383,10.623,16.2732,14.6667,11.4699
1-212.txt_415,-1.2541,-1.2597,-1.442,-1.5083,-3.337,-0.8398,-0.7514,-2.3867,-1.5691,-1.2486,-1.1823,-0.8343,-1.2044,-1.6464,-2.4199,-0.9558,-0.7182,-3.3978,-1.8674,-0.9227,6.7333,12.7,13.8111,15.9778,14.3,12.1778,16.75,13.9389,15.1,14.2889,14.65,15.5333,15.9278,20.9389,14.4889,8.0833,11.8111,17.6222,15.4611,12.1056
1-212.txt_417,-1.0378,-1.4216,-0.573,-1.2,-2.5135,-1,-1.027,-1.8973,-1.5243,-1.5081,-1.6919,-0.8541,-1.4378,-1.5622,-1.7243,-0.6595,-0.6541,-2.4,-1.0486,-1.1405,8.1413,9.625,14.3967,15.8478,12.0598,7.8587,11.7283,12.6141,8.9565,13.9348,10.9674,11.5652,9.5652,19.7772,12.212,8.4076,8.5435,19.1576,20.6793,11.6522
1-212.txt_419,-1.0324,-1.4649,-0.6919,-1.2973,-2.4432,-1.0486,-1.0054,-1.8703,-1.5622,-1.4486,-1.7081,-0.7946,-1.4,-1.5297,-1.7892,-0.7081,-0.6649,-2.4757,-1.0486,-1.1514,7.7989,10.087,14.3424,15.7228,13.0598,9.0163,11.9348,12.9293,9.462,14.7446,11.212,11.7717,9.538,18.9946,12.8152,8.2826,8.8533,19.587,20.788,12.4674
1-212.txt_421,-0.1695,-0.9153,-0.6384,-0.9661,-1.7345,-0.4915,-0.3955,-1.1412,-1.4915,-1.3107,-1.2542,-0.4068,-0.8701,-1.8475,-1.4576,0.0904,-0.2203,-2.4181,-1.6384,-0.8305,5.5795,3.9205,7,9.5057,4.7045,5.8125,10.2045,12.8352,2.4318,8.8068,8.4318,7.5114,3.4489,5.5852,3.6307,5.6875,5.9318,3.7557,4.1136,7.0057
1-212.txt_423,-0.3776,-1.035,-0.6084,-1.1119,-1.6923,-0.5455,-0.6573,-1.2727,-1.3986,-1.2028,-1.1608,-0.6503,-0.6783,-1.8671,-1.3007,-0.1049,-0.1259,-2.3636,-1.5804,-0.7762,4.2535,5.0915,9.338,8.3521,5,6.5563,8.1761,12.6268,5.1056,10.507,8.4366,6.8099,5.3662,4.4296,8.7817,4.4014,7.0986,9,4.4437,8.4859
