#name,V1,V2,V3,V4,V5,V6,V7,V8,V9,V10,V11,V12,V13,V14,V15,V16,V17,V18,V19,V20
1-212.txt_1,19.441,10.653,6.742,5.673,5.137,5.032,4.565,4.214,4.021,3.904,3.64,3.502,3.347,3.174,3.029,2.845,2.783,2.473,2.373,2.294
1-212.txt_3,17.618,9.938,6.204,5,4.317,3.71,3.168,2.493,2.294,2.218,2.129,1.688,1.422,1.123,1.015,0.879,0.831,0.732,0.707,0.478
1-212.txt_5,19.735,10.053,6.599,5.979,5.403,4.888,4.664,4.393,4.183,3.941,3.749,3.711,3.61,3.476,3.163,3.117,2.847,2.719,2.497,2.454
1-212.txt_7,18.132,10.208,6.256,5.817,4.828,4.671,4.041,3.606,3.208,2.824,2.721,2.666,2.5,2.362,2.347,2.247,2.164,1.97,1.849,1.627
1-212.txt_9,20.296,11.233,6.715,6.023,5.002,4.474,4.257,3.976,3.811,3.667,3.552,3.335,2.903,2.874,2.791,2.551,2.49,2.377,2.198,1.937
1-212.txt_11,23.391,14.372,8.078,6.59,4.894,3.773,3.035,2.618,2.459,1.756,1.41,1.335,1.144,0.792,0.621,0.456,0.363,0.322,0.184,0.007
1-212.txt_13,19.406,11.43,6.185,5.985,4.711,4.637,4.285,4.053,3.829,3.637,3.378,3.238,3.137,2.956,2.735,2.671,2.442,2.255,2.058,1.946
1-212.txt_15,20.501,11.127,6.425,5.791,4.817,4.808,4.437,4.298,4.126,3.875,3.629,3.475,3.204,3.125,3,2.827,2.73,2.55,2.503,2.093
1-212.txt_17,20.298,10.482,6.755,5.777,5.39,5.105,4.898,4.514,4.098,4.028,3.847,3.687,3.452,3.334,3.185,3.017,3.009,2.903,2.676,2.45
1-212.txt_19,20.755,10.729,7.154,6.168,5.273,5.167,4.971,4.669,4.449,4.042,3.881,3.714,3.506,3.427,3.304,3.047,2.974,2.675,2.589,2.465
1-212.txt_21,20.354,12.256,7.226,5.781,4.104,3.42,2.809,2.606,2.035,1.829,1.195,0.989,0.937,0.706,0.554,0.367,0.307,0.243,0.155,0.005
1-212.txt_23,19.367,11.525,6.799,5.511,3.866,2.878,2.695,2.049,1.823,1.496,1.17,0.98,0.941,0.641,0.492,0.364,0.278,0.235,0.121,0
1-212.txt_25,19.467,10.693,6.602,5.751,5.241,4.75,4.585,4.22,4.061,3.901,3.647,3.563,3.321,3.29,2.976,2.811,2.705,2.617,2.447,2.26
1-212.txt_27,26.043,15.793,9.9,7.098,5.452,4.457,3.735,3.226,2.587,2.183,1.451,1.279,1.144,0.832,0.668,0.516,0.389,0.319,0.207,0.007
1-212.txt_29,26.188,14.601,8.443,7.287,6.168,5.736,4.938,4.639,4.046,3.865,3.531,3.458,3.224,3.045,2.828,2.722,2.575,2.529,2.381,2.059
1-212.txt_31,13.377,8.58,5.776,3.947,3.181,2.289,2.242,2.126,1.648,1.29,0.879,0.84,0.498,0.408,0.317,0.241,0.227,0.179,0.012,0.009
1-212.txt_33,18.94,10.88,6.285,5.677,5.008,4.414,4.316,4.185,4.015,3.906,3.449,3.229,3.13,3.027,2.813,2.715,2.544,2.512,2.211,1.952
1-212.txt_35,19.803,11.989,7.323,5.599,4.311,3.099,2.728,2.552,1.794,1.319,1.243,0.983,0.766,0.705,0.432,0.414,0.346,0.27,0.017,0.015
1-212.txt_37,19.774,11.302,7.175,5.67,5.066,4.93,4.553,4.387,3.774,3.644,3.285,3.17,2.987,2.863,2.604,2.457,2.31,2.056,2.023,1.878
1-212.txt_39,16.371,10.141,6.323,5.392,4.267,3.769,3.578,3.339,3.04,2.751,2.616,2.44,2.347,2.268,2.111,1.913,1.824,1.765,1.658,1.496
1-212.txt_41,18.395,10.902,7.135,5.567,4.074,3.203,2.721,2.464,1.874,1.526,1.126,0.968,0.873,0.588,0.453,0.349,0.281,0.23,0.125,0.071
1-212.txt_43,20.993,11.284,6.36,5.899,4.72,4.531,4.48,4.335,4.167,3.894,3.662,3.525,3.225,3.059,3.031,2.9,2.691,2.644,2.619,2.284
1-212.txt_45,19.979,10.245,6.91,6.201,5.15,5.088,4.605,4.389,4.123,4.038,3.665,3.62,3.481,3.327,3.035,2.904,2.813,2.58,2.465,2.336
1-212.txt_47,20.205,11.173,6.454,5.581,4.916,4.67,4.593,4.319,4.131,3.816,3.561,3.332,3.186,3.133,2.963,2.771,2.682,2.427,2.307,2.067
1-212.txt_49,19.134,12.148,7.169,5.785,4.247,2.903,2.758,2.516,2.271,1.778,1.31,0.989,0.846,0.724,0.407,0.384,0.278,0.274,0.093,0.003
1-212.txt_51,19.197,9.978,6.77,5.987,5.073,4.893,4.544,4.313,4.287,3.936,3.84,3.607,3.527,3.359,3.256,2.985,2.889,2.806,2.689,2.382
1-212.txt_53,18.299,10.049,6.065,5.086,4.125,3.84,3.014,2.637,2.295,2.258,2.052,1.727,1.347,1.061,0.927,0.886,0.804,0.757,0.635,0.546
1-212.txt_55,19.775,10.75,7.108,5.436,3.606,3.405,2.748,2.277,1.947,1.66,1.26,0.957,0.792,0.569,0.396,0.373,0.23,0.201,0.139,0.016
1-212.txt_57,18.459,12.496,6.946,5.707,3.947,3.037,2.703,2.557,2.039,1.785,1.482,1.051,0.812,0.652,0.473,0.407,0.344,0.232,0.018,0.014
1-212.txt_59,19.63,10.997,6.526,5.969,5.331,5.101,4.958,4.772,4.281,3.962,3.644,3.461,3.357,3.177,2.988,2.927,2.87,2.643,2.536,2.353
1-212.txt_61,21.556,11.731,6.927,6.256,5.558,5.171,4.619,4.453,4.141,3.922,3.506,3.439,3.176,2.996,2.941,2.765,2.75,2.519,2.401,2.045
1-212.txt_63,20.523,10.522,6.619,5.547,4.953,4.342,3.175,2.753,2.61,2.44,2.243,2.009,1.838,1.826,1.599,1.484,1.338,1.15,0.985,0.885
1-212.txt_65,18.087,10.433,6.456,5.057,4.27,3.417,2.461,2.33,2.119,2.001,1.855,1.369,1.222,1.056,0.886,0.803,0.761,0.665,0.583,0.486
1-212.txt_67,20.274,11.679,7.213,5.583,3.995,3.309,2.903,2.5,2.173,1.643,1.263,1.088,0.868,0.634,0.465,0.368,0.276,0.249,0.119,0.002
1-212.txt_69,31.712,14.571,10.331,9.333,7.715,6.749,6.638,6.25,6.096,5.888,5.247,4.86,4.779,4.078,3.979,3.945,3.757,3.432,3.275,2.861
1-212.txt_71,19.393,10.688,6.858,5.668,3.618,3.399,2.797,2.471,1.858,1.707,1.226,1.013,0.918,0.658,0.449,0.362,0.255,0.225,0.123,0.001
1-212.txt_73,20.088,11.371,7.774,6.205,4.978,4.033,3.735,3.264,2.742,2.601,2.541,2.256,2.067,1.853,1.721,1.649,1.312,1.271,1.17,0.997
1-212.txt_75,30.247,19.211,10.524,8.61,7.03,5.116,4.846,4.131,3.627,3.25,2.565,2.215,1.756,1.585,1.518,1.444,1.288,1.188,1.086,1.05
1-212.txt_77,19.576,10.957,7.592,5.657,4.996,4.035,3.601,3.139,2.863,2.795,2.682,2.469,1.986,1.841,1.729,1.617,1.417,1.333,1.203,1.141
1-212.txt_79,20.212,10.776,7.705,5.621,5.006,4.201,3.604,3,2.911,2.735,2.442,2.294,2.173,1.77,1.657,1.545,1.394,1.332,1.238,0.987
1-212.txt_81,19.716,11.113,6.29,5.778,4.868,4.584,4.184,3.98,3.808,3.708,3.52,3.294,3.121,2.899,2.815,2.595,2.496,2.268,2.218,1.959
1-212.txt_83,18.78,11.917,6.875,5.781,3.839,3.395,3.282,2.321,2.26,1.943,1.457,1.154,1.031,0.899,0.87,0.77,0.647,0.535,0.506,0.338
1-212.txt_85,21.134,11.84,6.569,5.726,4.856,4.669,4.461,4.329,4.132,3.72,3.609,3.376,3.05,2.987,2.871,2.784,2.623,2.515,2.324,2.003
1-212.txt_87,20.043,11.226,6.444,5.705,4.833,4.61,4.392,4.145,3.949,3.843,3.444,3.254,3.112,2.959,2.898,2.731,2.494,2.348,2.061,1.944
1-212.txt_89,19.247,10.817,6.619,5.963,5.088,4.913,4.222,3.992,3.816,3.793,3.513,3.381,3.306,3.008,2.906,2.803,2.586,2.565,2.375,2.195
1-212.txt_91,17.395,10.271,6.203,5.4,5.09,4.515,4.271,3.836,3.536,3.253,2.919,2.844,2.725,2.637,2.579,2.437,2.315,2.063,1.915,1.877
1-212.txt_93,19.354,10.126,6.61,5.652,5.413,5.067,4.402,4.048,3.88,3.871,3.643,3.524,3.462,3.268,3.002,2.687,2.623,2.547,2.364,2.102
1-212.txt_95,25.464,15.455,9.387,7.737,6.229,5.688,4.833,4.306,3.778,3.465,3.275,2.858,2.51,2.386,2.114,1.971,1.875,1.767,1.693,1.441
1-212.txt_97,19.26,10.567,7.149,5.842,4.881,4.212,4.138,3.908,3.49,3.352,2.714,2.63,2.544,2.333,2.241,1.985,1.786,1.693,1.541,1.319
1-212.txt_99,18.789,10.729,6.322,5.583,4.915,4.536,4.188,3.838,3.631,3.491,3.436,3.177,3.047,2.823,2.723,2.664,2.385,2.297,2.174,2.085
1-212.txt_101,26.217,14.245,9.206,7.178,5.811,4.639,3.746,3.281,3.252,2.811,2.736,2.104,1.991,1.929,1.762,1.672,1.431,1.229,1.158,0.951
1-212.txt_103,19.837,11.393,7.482,5.968,4.783,3.971,3.369,2.707,2.326,1.98,1.854,1.79,1.393,1.311,1.089,1.011,0.913,0.81,0.676,0.57
1-212.txt_105,17.937,10.322,6.371,5.424,3.865,3.426,2.623,2.515,1.647,1.53,1.137,0.758,0.696,0.519,0.39,0.292,0.228,0.168,0.087,0.001
1-212.txt_107,74.06,37.886,25.245,21.35,19.556,18.996,16.83,15.857,15.015,14.724,13.823,13.608,13.154,12.804,12.242,11.364,11.041,10.503,10.304,9.448
1-212.txt_109,19.9,10.559,7.858,5.87,4.686,3.606,3.433,2.602,2.319,2.179,1.998,1.899,1.622,1.466,1.293,1.194,0.951,0.835,0.751,0.695
1-212.txt_111,19.124,10.919,6.148,6.036,4.735,4.631,4.381,4.027,3.8,3.777,3.458,3.307,3.134,3.046,2.895,2.682,2.614,2.356,2.188,2.096
1-212.txt_113,22.389,11.951,8.023,6.82,5.441,5.294,5.128,4.341,4.265,4.016,3.757,3.556,3.488,3.24,2.993,2.812,2.727,2.587,2.32,2.158
1-212.txt_115,17.57,9.691,6.633,5.434,3.787,3.375,2.557,2.21,1.533,1.378,1.045,0.796,0.65,0.427,0.395,0.288,0.211,0.076,0,0
1-212.txt_117,18.95,10.449,6.478,5.893,4.873,4.48,4.291,4.177,3.91,3.747,3.57,3.468,3.224,3.021,2.961,2.715,2.627,2.504,2.404,2.069
1-212.txt_119,21.105,11.821,7.536,6.287,5.239,4.824,4.402,4.013,3.998,3.758,3.28,3.081,2.84,2.739,2.583,2.451,2.338,2.32,2.049,1.759
1-212.txt_121,17.303,9.963,6.533,5.844,4.669,3.898,3.834,3.152,2.756,2.39,2.218,2.072,1.926,1.885,1.703,1.674,1.601,1.335,1.236,1.025
1-212.txt_123,21.025,11.208,6.723,5.803,4.934,4.865,4.605,4.531,4.133,4.026,3.685,3.549,3.474,3.248,2.995,2.968,2.825,2.415,2.336,2.198
1-212.txt_125,22.6,12.618,6.893,6.741,5.419,5.356,5.045,4.773,4.515,4.249,3.727,3.599,3.45,3.289,3.193,3.055,2.928,2.773,2.621,2.252
1-212.txt_127,20.789,11.575,6.134,5.823,5.071,4.786,4.454,4.377,4.054,3.978,3.765,3.389,3.235,3.131,3.022,2.952,2.756,2.625,2.478,2.161
1-212.txt_129,19.661,10.467,6.976,6.29,5.292,5.115,4.749,4.302,4.205,3.668,3.626,3.49,3.448,3.187,3.05,2.863,2.824,2.609,2.438,2.328
1-212.txt_131,17.809,9.743,6.374,5.393,4.902,4.423,4.228,4.168,3.795,3.613,3.395,3.308,3.091,2.945,2.87,2.669,2.642,2.444,2.203,1.951
1-212.txt_133,17.612,9.703,6.755,5.153,4.693,3.806,3.22,2.938,2.837,2.677,2.446,2.394,1.997,1.668,1.615,1.47,1.404,1.311,1.093,0.832
1-212.txt_135,18.978,11.314,7.261,5.434,3.699,2.962,2.547,2.484,2.093,1.847,1.115,1.03,0.756,0.643,0.372,0.311,0.264,0.198,0.057,0.013
1-212.txt_137,21.636,11.251,6.511,5.932,5.134,4.893,4.718,4.431,4.322,4.041,3.885,3.641,3.361,3.073,3.038,2.819,2.708,2.492,2.341,2.076
1-212.txt_139,20.289,10.787,6.965,6.05,5.143,4.955,4.52,4.389,3.934,3.787,3.734,3.642,3.439,3.269,3.118,2.964,2.812,2.638,2.541,2.156
1-212.txt_141,20.3,12.232,6.624,5.705,4.541,3.599,3.258,3.001,2.666,2.352,2.193,2.026,1.613,1.54,1.188,1.088,1.005,0.917,0.778,0.553
1-212.txt_143,20.023,11.456,6.785,6.077,5.427,4.942,4.788,4.234,4.052,3.871,3.668,3.443,3.365,3.123,3.042,2.811,2.721,2.67,2.527,2.124
1-212.txt_145,19.116,9.943,6.723,6.055,5.138,4.882,4.702,4.368,4.195,3.926,3.793,3.462,3.279,3.136,3.111,2.962,2.827,2.791,2.562,2.182
1-212.txt_147,19.114,10.619,6.543,5.296,3.647,3.57,2.66,2.219,1.751,1.56,1.202,0.937,0.87,0.649,0.409,0.328,0.237,0.231,0.123,0.001
1-212.txt_149,16.087,9.735,5.873,4.815,3.29,2.768,2.259,2.008,1.704,1.397,0.947,0.891,0.776,0.524,0.434,0.284,0.244,0.214,0.124,0.004
1-212.txt_151,17.924,9.786,6.461,5.434,5.001,4.432,4.179,4.057,3.711,3.614,3.424,3.265,3.218,2.951,2.706,2.664,2.442,2.305,2.139,1.964
1-212.txt_153,18.928,11.15,6.891,5.574,3.989,3.877,3.59,2.673,2.305,2.202,2.064,1.944,1.532,1.484,1.261,1.143,1.104,0.922,0.907,0.653
1-212.txt_155,19.915,11.24,6.221,5.674,4.957,4.695,4.432,4.107,4.009,3.85,3.572,3.285,3.183,3.038,2.957,2.873,2.637,2.535,2.26,2.116
1-212.txt_157,20.994,11.199,6.919,6.098,5.494,5.106,4.835,4.406,4.338,4.133,3.875,3.759,3.647,3.503,3.208,3.097,2.867,2.749,2.534,2.36
1-212.txt_159,19.278,10.91,6.27,5.72,4.851,4.401,4.2,4.078,3.791,3.72,3.433,3.324,3.044,3.019,2.851,2.766,2.399,2.369,2.155,1.935
1-212.txt_161,17.967,10.205,6.159,4.843,4.181,3.711,2.876,2.535,2.212,2.096,1.948,1.654,1.45,1.22,1.098,0.946,0.723,0.672,0.644,0.521
1-212.txt_163,19.583,12.592,7.821,5.909,4.368,2.994,2.892,2.716,2.206,1.895,1.359,1.137,0.794,0.649,0.435,0.392,0.338,0.267,0.018,0.014
1-212.txt_165,19.116,10.708,6.774,6.078,5.309,4.767,4.359,4.22,3.973,3.568,3.477,3.317,3.125,2.992,2.814,2.685,2.6,2.401,2.315,2.225
1-212.txt_167,27.879,12.678,10.039,7.765,7.384,6.513,5.902,5.64,5.23,5.118,4.94,4.585,4.447,4.31,4.192,3.858,3.8,3.735,3.497,2.893
1-212.txt_169,20.067,12.755,8.119,6.402,4.375,3.409,3.229,2.904,2.752,1.945,1.298,1.257,0.903,0.786,0.437,0.412,0.325,0.287,0.097,0.004
1-212.txt_171,15.9,9.367,5.907,5.006,4.707,3.875,3.647,3.43,3.217,2.836,2.723,2.631,2.379,2.291,2.133,2.033,1.882,1.855,1.727,1.527
1-212.txt_173,19.321,10.695,6.748,5.971,5.371,4.872,4.593,4.5,4.109,3.873,3.593,3.556,3.327,3.299,3.15,2.935,2.811,2.639,2.496,2.342
1-212.txt_175,20.463,10.268,6.759,6.277,5.245,4.607,4.396,4.297,4.082,3.91,3.616,3.343,3.279,3.26,3.124,2.908,2.77,2.582,2.455,2.223
1-212.txt_177,20.214,10.257,7.151,6.263,5.505,5.086,4.488,4.348,4.083,3.932,3.73,3.642,3.439,3.365,3.075,2.947,2.811,2.65,2.511,2.277
1-212.txt_179,22.223,12.036,8.022,5.921,4.3,3.731,3.362,2.54,2.193,1.829,1.277,1.163,1.103,0.71,0.475,0.451,0.291,0.274,0.151,0.002
1-212.txt_181,20.135,11.292,6.418,5.707,5.007,4.637,4.278,4.119,3.956,3.889,3.546,3.206,3.079,2.886,2.803,2.728,2.554,2.324,2.237,2.127
1-212.txt_183,19.736,11.089,6.2,5.65,5.243,4.533,4.282,4.178,3.894,3.823,3.481,3.331,3.187,2.952,2.79,2.752,2.621,2.54,2.364,2.002
1-212.txt_185,20.068,11.334,6.257,5.659,4.653,4.587,4.426,4.192,3.994,3.85,3.606,3.256,3.21,3.024,2.789,2.759,2.689,2.49,2.321,2.06
1-212.txt_187,19.464,9.64,7.085,6.188,5.648,5.089,4.711,4.319,4.109,3.871,3.667,3.444,3.313,3.154,3.111,3.003,2.89,2.758,2.546,2.333
1-212.txt_189,19.739,10.883,7.104,6.29,5.576,4.864,4.778,4.199,4.156,3.847,3.539,3.437,3.3,3.117,3.035,2.995,2.749,2.459,2.303,2.018
1-212.txt_191,19.809,10.925,6.701,6.113,5.196,4.8,4.599,4.19,4.012,3.847,3.656,3.554,3.284,3.147,2.859,2.838,2.789,2.636,2.541,2.081
1-212.txt_193,18.319,10.682,6.402,5.425,4.275,3.797,3.051,2.699,2.408,2.168,1.983,1.921,1.231,1.22,1.032,0.945,0.922,0.839,0.676,0.631
1-212.txt_195,21.184,10.466,6.973,5.914,5.159,4.957,4.822,4.525,4.317,4.274,4.036,3.842,3.62,3.57,3.366,3.147,2.956,2.85,2.834,2.37
1-212.txt_197,21.327,11.605,7.178,6.237,5.468,5.302,5.027,4.581,4.344,3.911,3.773,3.645,3.58,3.397,3.239,3.053,2.861,2.696,2.528,2.393
1-212.txt_199,19.871,11.041,6.33,5.567,4.849,4.757,4.392,4.258,3.895,3.759,3.559,3.423,3.278,3.145,2.979,2.927,2.506,2.392,2.269,2.082
1-212.txt_201,20.424,11.031,7.283,6.281,5.458,4.46,3.572,3.423,3.05,2.83,2.618,2.554,2.435,2.218,1.746,1.604,1.507,1.373,1.291,1.206
1-212.txt_203,20.453,11.283,6.258,5.735,5.036,4.585,4.44,4.271,4.013,3.834,3.459,3.43,3.152,3.092,2.958,2.825,2.647,2.558,2.369,1.869
1-212.txt_205,18.11,10.201,6.477,5.749,5.233,4.735,4.533,4.052,3.871,3.763,3.602,3.284,3.139,3.038,2.749,2.665,2.567,2.486,2.304,2.082
1-212.txt_207,18.79,11.454,6.691,5.367,3.609,3.397,2.921,2.41,2.118,1.725,1.154,1.014,0.907,0.653,0.455,0.336,0.243,0.232,0.145,0.004
1-212.txt_209,24.777,12.931,7.511,6.965,6.091,5.877,5.518,4.741,4.475,4.27,4.141,3.84,3.604,3.539,3.358,3.057,3.013,2.925,2.702,2.56
1-212.txt_211,19.363,10.844,6.253,6.007,4.843,4.563,4.214,3.959,3.886,3.582,3.451,3.196,2.953,2.922,2.877,2.513,2.456,2.279,2.081,1.884
1-212.txt_213,20.552,10.674,6.658,6.089,5.374,4.886,4.725,4.357,4.094,3.904,3.728,3.472,3.373,3.195,3.095,3.047,2.855,2.811,2.688,2.248
1-212.txt_215,20.532,11.39,6.567,5.697,4.992,4.751,4.454,4.403,4.119,3.899,3.486,3.345,3.227,3.015,2.956,2.891,2.742,2.487,2.264,2.212
1-212.txt_217,20.12,10.853,6.687,6.065,5.057,5.036,4.751,4.463,4.151,3.989,3.892,3.703,3.381,3.173,3.085,2.77,2.743,2.611,2.493,2.173
1-212.txt_219,25.249,14.715,8.533,6.778,5.251,4.415,3.525,3.062,2.418,2.024,1.47,1.25,1.168,0.837,0.658,0.512,0.369,0.311,0.156,0.002
1-212.txt_221,19.282,11.211,7.358,5.462,3.789,3.379,3.078,2.436,2.055,1.733,1.159,1.024,0.842,0.655,0.441,0.391,0.258,0.219,0.113,0.016
1-212.txt_223,20.305,11.283,6.173,6.06,4.939,4.504,4.354,3.993,3.836,3.731,3.59,3.26,3.118,3.07,2.899,2.706,2.607,2.42,2.338,2.085
1-212.txt_225,21.138,11.693,7.077,6.124,5.311,5.062,4.892,4.621,4.153,4.005,3.722,3.638,3.433,3.295,3.187,2.846,2.693,2.456,2.396,2.251
1-212.txt_227,18.103,11.567,6.684,5.313,3.869,3.264,2.537,2.4,2.04,1.766,1.092,0.944,0.777,0.656,0.358,0.321,0.251,0.219,0.074,0.003
1-212.txt_229,20.658,10.534,6.811,5.739,5.35,5.132,4.862,4.469,4.257,4.067,3.875,3.772,3.607,3.437,3.315,3.216,3.069,2.971,2.758,2.598
1-212.txt_231,18.943,11.65,6.67,6.094,4.977,4.2,3.897,3.576,3.228,3.219,2.578,2.468,2.388,2.148,2.024,1.958,1.737,1.7,1.604,1.256
1-212.txt_233,21.625,11.412,7.297,6.32,5.393,5.273,4.656,4.437,4.335,4.119,3.72,3.625,3.506,3.317,3.245,2.912,2.791,2.462,2.385,2.297
1-212.txt_235,19.619,11.336,6.329,6.112,4.742,4.522,4.246,4.112,4.003,3.751,3.346,3.318,3.017,2.997,2.93,2.663,2.57,2.349,2.214,1.797
1-212.txt_237,24.338,13.819,8.033,7.102,5.647,5.069,4.815,4.505,4.047,4,3.445,3.348,3.289,3.163,3.05,2.803,2.709,2.558,2.378,2.16
1-212.txt_239,20.182,10.331,7.249,5.728,5.554,5.051,4.915,4.351,4.189,4.012,3.711,3.708,3.376,3.27,3.136,3.068,2.942,2.815,2.653,2.45
1-212.txt_241,21.098,11.507,7.302,6.202,4.969,4.634,3.87,3.258,3.103,2.84,2.647,2.527,2.083,1.933,1.756,1.669,1.58,1.519,1.332,1.08
1-212.txt_243,20.571,11.233,6.407,5.88,5.174,4.819,4.421,4.316,4.026,3.883,3.532,3.33,3.175,3.041,2.939,2.8,2.655,2.373,2.342,2.111
1-212.txt_245,20.394,11.338,6.242,5.649,4.679,4.478,4.406,4.191,3.855,3.776,3.609,3.428,3.013,2.892,2.823,2.795,2.619,2.509,2.292,2.088
1-212.txt_247,19.619,10.881,6.209,5.626,4.952,4.438,4.372,4.159,3.965,3.823,3.514,3.265,3.157,2.99,2.847,2.78,2.545,2.474,2.301,2.047
1-212.txt_249,15.263,11.389,5.256,4.298,3.016,2.332,2.126,1.628,1.576,1.222,1.187,1.006,0.479,0.432,0.353,0.277,0.221,0.13,0.036,0
1-212.txt_251,19.568,10.991,6.837,5.866,5.492,5.064,4.644,4.33,3.913,3.797,3.677,3.549,3.433,3.319,2.943,2.801,2.619,2.509,2.358,2.07
1-212.txt_253,19.836,10.359,6.507,6.305,5.441,4.894,4.635,4.251,3.935,3.879,3.674,3.512,3.274,3.076,2.995,2.842,2.72,2.599,2.475,2.145
1-212.txt_255,20.202,11.865,8.073,6.161,4.862,3.91,3.324,3.202,2.775,2.361,2.084,1.757,1.461,1.349,1.313,1.219,1.131,1.114,0.973,0.867
1-212.txt_257,19.436,10.923,6.3,5.959,4.804,4.39,4.206,4.092,3.836,3.702,3.448,3.347,3.189,3.128,2.805,2.607,2.518,2.404,2.244,1.956
1-212.txt_259,20.763,12.991,8.155,6.176,4.266,3.44,3.115,2.693,2.388,1.819,1.256,1.209,0.788,0.754,0.463,0.427,0.344,0.283,0.101,0.009
1-212.txt_261,20.384,10.393,6.938,5.932,5.124,5.013,4.669,4.56,4.175,4.077,3.961,3.779,3.699,3.532,3.378,3.113,2.963,2.821,2.505,2.444
1-212.txt_263,20.044,11.176,6.444,5.608,5.126,4.647,4.385,4.301,4.216,4.089,3.749,3.439,3.206,3.041,2.996,2.804,2.56,2.409,2.209,2.038
1-212.txt_265,21.063,12.547,6.603,5.865,5.396,4.8,4.559,4.119,4.047,3.858,3.71,3.514,3.369,3.084,2.888,2.879,2.671,2.488,2.387,2.058
1-212.txt_267,20.011,10.383,6.936,6.075,5.342,4.967,4.933,4.294,4.124,3.871,3.611,3.557,3.49,3.378,3.25,3.105,3.023,2.973,2.492,2.191
1-212.txt_269,20.144,10.536,6.268,6.039,4.968,4.795,4.616,4.359,3.898,3.661,3.645,3.286,3.253,3.204,3.116,2.911,2.702,2.567,2.422,2.277
1-212.txt_271,19.96,11.648,6.682,4.999,4.17,2.779,2.663,1.991,1.77,1.477,1.189,0.973,0.838,0.677,0.473,0.365,0.268,0.219,0.118,0.002
1-212.txt_273,21.208,11.232,6.41,6.169,5.137,4.983,4.652,4.508,4.004,3.928,3.767,3.505,3.2,3.157,2.966,2.893,2.778,2.59,2.517,2.093
1-212.txt_275,21.246,11.468,6.501,6.129,5.147,4.959,4.527,4.261,3.975,3.916,3.662,3.45,3.269,3.146,3.007,2.869,2.609,2.573,2.319,2.05
1-212.txt_277,20.37,11.388,6.586,5.579,4.815,4.672,4.362,4.242,3.91,3.752,3.521,3.415,3.103,2.974,2.866,2.716,2.508,2.422,2.348,2.15
1-212.txt_279,21.641,11.561,6.557,5.92,5.141,4.965,4.608,4.506,4.235,4.049,3.898,3.401,3.275,3.155,2.938,2.88,2.721,2.537,2.459,2.042
1-212.txt_281,21.208,11.294,6.661,5.812,5.079,4.892,4.715,4.389,4.162,4.011,3.901,3.742,3.288,3.113,3.052,2.902,2.721,2.605,2.49,2.173
1-212.txt_283,21.382,11.379,6.412,6.046,5.05,4.88,4.786,4.271,4.193,4.056,3.828,3.57,3.347,3.305,3.08,2.939,2.764,2.54,2.356,2.092
1-212.txt_285,21.154,11.498,6.144,5.857,5.624,4.851,4.686,4.246,4.048,3.924,3.731,3.548,3.187,3.092,3.006,2.904,2.696,2.612,2.439,2.044
1-212.txt_287,18.463,9.406,6.25,5.406,4.878,4.664,4.26,3.918,3.811,3.61,3.251,3.147,3.019,3.001,2.793,2.757,2.678,2.313,2.171,2.077
1-212.txt_289,19.062,10.614,6.601,5.793,5.117,4.515,4.2,4.055,3.656,3.363,3.299,3.177,3.174,2.98,2.754,2.583,2.478,2.331,2.298,2.136
1-212.txt_291,19.502,10.637,6.674,5.825,4.968,4.642,4.381,4.241,4.192,3.89,3.627,3.35,3.276,2.941,2.856,2.778,2.608,2.435,2.284,2.187
1-212.txt_293,19.462,10.563,6.477,5.936,5.089,4.634,4.348,4.093,4.028,3.91,3.718,3.437,3.256,3.079,2.879,2.751,2.647,2.494,2.346,2.17
1-212.txt_295,19.747,11.034,6.253,5.505,4.951,4.723,4.479,4.217,4.159,4.089,3.512,3.463,3.057,2.985,2.862,2.721,2.628,2.552,2.349,2.081
1-212.txt_297,23.11,10.898,6.598,6.251,5.138,4.987,4.876,4.618,4.122,4.045,3.878,3.752,3.515,3.361,3.161,2.963,2.828,2.62,2.526,2.439
1-212.txt_299,23.025,12.042,6.502,6.396,5.338,4.944,4.731,4.372,4.163,3.995,3.841,3.445,3.339,3.243,2.968,2.951,2.807,2.682,2.537,2.341
1-212.txt_301,19.697,11.128,6.864,6.198,4.929,4.731,4.447,4.148,4.02,3.737,3.437,3.295,3.155,3.044,2.766,2.659,2.605,2.529,2.178,2.091
1-212.txt_303,19.631,11.396,6.759,5.827,3.639,3.412,2.788,2.08,1.834,1.415,1.146,1.042,0.818,0.603,0.482,0.373,0.272,0.204,0.126,0.002
1-212.txt_305,35.476,18.931,11.996,9.949,8.342,7.839,6.992,5.867,4.958,4.575,4.251,3.822,3.777,3.517,3.322,3.178,3.017,2.832,2.682,2.318
1-212.txt_307,20.881,11.357,6.418,5.858,5.105,4.909,4.704,4.253,4.12,4.1,3.713,3.466,3.265,3.191,3.051,2.831,2.605,2.493,2.395,2.12
1-212.txt_309,21.102,11.38,6.671,5.901,5.147,4.925,4.533,4.348,4.041,3.969,3.669,3.46,3.316,3.22,2.941,2.864,2.65,2.458,2.322,1.954
1-212.txt_311,21.424,11.476,6.602,5.877,5.323,4.912,4.731,4.357,4.183,4.033,3.835,3.607,3.37,3.289,2.931,2.846,2.776,2.438,2.396,2.122
1-212.txt_313,21.034,11.412,6.435,6.107,4.967,4.841,4.75,4.301,4.061,3.849,3.683,3.571,3.291,3.152,3,2.891,2.73,2.523,2.315,2.006
1-212.txt_315,21.068,11.429,6.475,6.118,5.242,4.886,4.622,4.478,4.146,3.973,3.682,3.445,3.269,3.182,3.102,2.921,2.7,2.6,2.323,2.082
1-212.txt_317,21.103,11.405,6.642,5.967,5.084,4.853,4.55,4.372,4.055,3.992,3.659,3.431,3.308,3.187,2.892,2.734,2.661,2.432,2.236,1.963
1-212.txt_319,21.145,11.354,6.379,5.898,5.189,4.863,4.584,4.364,4.144,4.031,3.743,3.485,3.309,3.207,3.095,2.943,2.66,2.505,2.388,2.053
1-212.txt_321,21.13,11.328,6.414,6.209,5.333,4.933,4.585,4.344,4.097,3.906,3.644,3.597,3.288,3.21,3.001,2.809,2.671,2.573,2.388,2.044
1-212.txt_323,21.297,11.344,6.622,5.963,5.132,4.957,4.63,4.324,4.06,3.972,3.658,3.541,3.341,3.124,3.035,2.82,2.75,2.643,2.47,2.057
1-212.txt_325,21.322,11.496,6.512,6.116,5.169,4.916,4.712,4.477,4.113,3.964,3.907,3.705,3.133,3.06,3.051,2.964,2.847,2.603,2.476,2.108
1-212.txt_327,21.278,11.26,6.314,6.021,5.079,4.896,4.712,4.481,4.025,3.848,3.788,3.465,3.359,3.112,2.982,2.86,2.75,2.656,2.521,2.204
1-212.txt_329,21.046,11.371,6.407,6.049,5.182,4.843,4.584,4.435,4.232,4.058,3.73,3.515,3.285,3.228,3.081,2.885,2.651,2.489,2.405,2.012
1-212.txt_331,21.203,11.485,6.44,6.1,5.141,4.932,4.662,4.471,4.155,4.039,3.556,3.42,3.271,3.138,2.926,2.74,2.66,2.405,2.267,2.077
1-212.txt_333,20.469,11.22,6.415,6.044,4.844,4.565,4.259,4.156,4.028,3.929,3.667,3.495,3.191,2.945,2.906,2.8,2.485,2.422,2.256,2.059
1-212.txt_335,18.812,9.842,6.082,5.948,4.704,4.466,4.218,3.976,3.79,3.643,3.496,3.354,2.914,2.829,2.703,2.467,2.374,2.318,2.154,1.798
1-212.txt_337,28.618,15.78,9.948,8.233,6.856,6.011,5.711,5.161,4.83,4.409,4.095,3.832,3.647,3.495,3.326,2.944,2.88,2.659,2.512,2.376
1-212.txt_339,21.689,11.753,6.699,6.245,5.211,5.106,4.818,4.531,4.199,4.086,3.828,3.669,3.252,3.105,3.027,2.888,2.802,2.664,2.423,2.079
1-212.txt_341,21.298,11.349,6.651,6.162,5.194,4.94,4.59,4.46,4.179,4.073,3.781,3.448,3.285,3.188,2.96,2.865,2.698,2.504,2.421,2.073
1-212.txt_343,21.373,11.425,6.65,6.331,5.215,4.862,4.612,4.36,4.244,4.08,3.821,3.551,3.272,3.249,2.915,2.816,2.777,2.449,2.405,2.172
1-212.txt_345,20.975,11.304,6.404,6.071,5.159,4.83,4.573,4.381,4.134,4.012,3.695,3.455,3.387,3.258,3.072,3.039,2.726,2.705,2.475,2.235
1-212.txt_347,21.481,11.655,6.789,6.123,5.233,4.941,4.721,4.471,4.105,3.96,3.68,3.529,3.305,3.12,2.936,2.9,2.602,2.544,2.445,2.128
1-212.txt_349,20.38,11.313,6.305,5.879,4.835,4.486,4.469,4.303,4.081,3.79,3.745,3.392,3.208,3.12,3.02,2.759,2.552,2.468,2.406,2.109
1-212.txt_351,21.54,11.801,6.761,6.105,5.196,4.986,4.674,4.39,4.095,4.016,3.721,3.492,3.23,3.128,2.866,2.765,2.568,2.447,2.333,2.064
1-212.txt_353,18.116,9.418,6.091,5.491,4.824,4.432,4.335,3.718,3.668,3.45,3.31,3.253,3.076,2.825,2.734,2.616,2.4,2.231,2.126,1.958
1-212.txt_355,19.21,10.127,6.237,5.867,4.879,4.497,4.183,3.87,3.65,3.586,3.469,3.281,3.158,2.79,2.634,2.558,2.267,2.187,2.128,1.899
1-212.txt_357,19.239,10.169,6.177,5.909,4.887,4.514,4.286,3.909,3.679,3.51,3.449,3.194,3.125,2.876,2.616,2.564,2.387,2.259,2.147,1.984
1-212.txt_359,19.693,11.144,6.34,5.91,4.855,4.539,4.489,4.227,4.128,3.906,3.381,3.247,3.039,2.9,2.783,2.73,2.536,2.35,2.255,2.156
1-212.txt_361,20.541,11.321,6.589,5.871,4.954,4.807,4.69,4.408,4.098,3.842,3.663,3.585,3.173,3.063,2.974,2.9,2.85,2.495,2.445,2.122
1-212.txt_363,19.933,11.192,6.175,5.525,5.006,4.575,4.343,4.128,4.012,3.84,3.404,3.334,3.214,3.077,3.003,2.868,2.679,2.605,2.44,2.117
1-212.txt_365,21.15,11.074,6.847,6.009,5.388,4.789,4.616,4.314,4.127,3.868,3.792,3.463,3.339,3.053,2.938,2.872,2.789,2.59,2.509,2.31
1-212.txt_367,22.357,12.559,7.219,6.358,5.127,4.811,4.688,4.521,4.317,4.126,3.715,3.649,3.381,3.184,3.148,3.045,2.895,2.683,2.541,2.267
1-212.txt_369,19.469,10.99,6.342,5.708,4.983,4.495,4.335,4.134,4.092,3.846,3.726,3.409,2.98,2.83,2.657,2.542,2.496,2.323,2.132,1.888
1-212.txt_371,19.979,10.245,6.91,6.201,5.15,5.088,4.605,4.389,4.123,4.038,3.665,3.62,3.481,3.327,3.035,2.904,2.813,2.58,2.465,2.336
1-212.txt_373,18.068,10.404,6.754,5.64,4.822,4.423,4.255,3.721,3.337,3.298,2.995,2.973,2.837,2.735,2.641,2.445,2.251,2.084,1.929,1.789
1-212.txt_375,18.67,10.474,6.45,5.786,4.914,4.554,4.32,3.97,3.666,3.395,3.311,3.257,3.128,2.985,2.789,2.691,2.567,2.413,2.277,2.065
1-212.txt_377,20.086,10.837,6.709,5.951,5.051,4.852,4.377,4.096,3.834,3.627,3.371,3.288,3.136,3.091,2.71,2.605,2.513,2.443,2.247,2.123
1-212.txt_379,20.324,11.334,6.312,5.828,4.967,4.72,4.392,4.049,4.035,3.914,3.435,3.385,3.178,3.07,3.014,2.757,2.624,2.553,2.41,2.053
1-212.txt_381,20.1,11.209,6.964,6.112,5.123,4.619,4.44,4.04,3.827,3.569,3.307,3.288,3.176,3.069,2.695,2.617,2.457,2.413,2.308,2.204
1-212.txt_383,19.659,10.959,6.428,5.651,4.802,4.715,4.455,4.112,4.007,3.779,3.576,3.332,3.125,2.928,2.836,2.819,2.702,2.448,2.372,2.041
1-212.txt_385,19.719,11.116,6.488,5.624,4.795,4.6,4.382,4.273,3.996,3.513,3.449,3.395,3.162,3.031,2.896,2.798,2.736,2.425,2.303,2.146
1-212.txt_387,20.757,11.415,6.477,5.564,4.984,4.648,4.523,4.372,4.19,4.023,3.665,3.593,3.354,3.078,3.018,2.832,2.823,2.549,2.465,2.044
1-212.txt_389,20.414,11.143,6.237,5.654,4.947,4.654,4.377,4.283,4.072,3.729,3.517,3.439,3.119,2.968,2.929,2.838,2.589,2.476,2.259,2.142
1-212.txt_391,21.939,11.881,7.015,6.008,5.209,4.873,4.66,4.269,3.886,3.673,3.644,3.441,3.144,3.084,2.963,2.863,2.804,2.649,2.294,1.933
1-212.txt_393,20.374,10.976,6.582,6.079,5.014,4.972,4.828,4.393,4.245,4.065,3.6,3.45,3.277,3.224,2.962,2.795,2.725,2.548,2.389,2.007
1-212.txt_395,21.194,11.514,6.302,5.99,5.302,4.776,4.477,4.409,3.973,3.761,3.712,3.55,3.327,3.176,3.059,2.839,2.646,2.583,2.397,1.974
1-212.txt_397,21.093,11.483,6.396,6.085,5.153,4.861,4.572,4.419,4.265,3.916,3.785,3.679,3.289,3.21,3.115,2.859,2.719,2.492,2.421,2.12
1-212.txt_399,21.2,11.462,6.288,6.085,5.352,4.807,4.643,4.507,4.21,4.092,3.741,3.455,3.236,3.108,2.953,2.847,2.696,2.537,2.368,2.038
1-212.txt_401,19.477,11.124,6.51,5.61,4.963,4.638,4.425,3.961,3.892,3.847,3.546,3.38,2.959,2.841,2.685,2.589,2.47,2.299,2.278,1.747
1-212.txt_403,20.513,11.259,6.516,6.078,5.247,4.867,4.706,4.496,4.081,3.834,3.774,3.427,3.167,3.007,2.929,2.801,2.66,2.468,2.339,2.133
1-212.txt_405,21.973,12.237,7.243,5.98,4.952,4.862,4.6,4.358,4.109,3.884,3.794,3.606,3.263,3.066,3.051,2.728,2.551,2.465,2.344,2.282
1-212.txt_407,19.271,10.128,6.718,5.782,5.163,4.606,4.404,4.205,3.823,3.719,3.36,3.321,3.205,2.951,2.749,2.469,2.41,2.249,2.151,1.989
1-212.txt_409,23.748,11.912,6.797,6.401,5.381,5.145,4.936,4.458,4.321,3.818,3.644,3.522,3.464,3.386,3.265,2.969,2.905,2.581,2.482,2.359
1-212.txt_411,27.551,15.371,9.226,7.683,6.413,5.773,5.073,4.65,4.531,4.214,3.748,3.678,3.403,3.35,3.094,2.916,2.908,2.857,2.338,2.241
1-212.txt_413,20.369,11.363,6.456,5.579,4.957,4.592,4.465,4.247,4.033,3.842,3.449,3.328,3.18,3.014,2.866,2.775,2.526,2.491,2.28,2
1-212.txt_415,20.179,11.308,6.164,5.709,5.122,4.481,4.388,4.138,3.932,3.829,3.523,3.356,3.14,2.989,2.755,2.616,2.477,2.364,2.283,1.806
1-212.txt_417,18.906,9.915,6.672,5.709,5.236,4.837,4.285,4.237,3.927,3.806,3.54,3.407,3.237,2.868,2.84,2.679,2.435,2.301,2.235,2.18
1-212.txt_419,18.956,10.031,6.614,5.787,5.189,4.757,4.417,4.202,4.092,3.764,3.532,3.467,3.256,2.987,2.874,2.625,2.536,2.426,2.368,2.189
1-212.txt_421,19.841,10.91,6.533,4.316,3.664,3.253,2.461,1.578,1.442,1.132,1.039,0.863,0.653,0.437,0.344,0.222,0.133,0.053,0,0
1-212.txt_423,17.433,10.093,5.606,3.955,3.201,3.01,2.578,1.932,1.625,1.25,1.024,0.864,0.784,0.571,0.398,0.288,0.207,0.175,0.115,0.001
