#name,V1,V2,V3,V4,V5,V6,V7,V8,V9,V10,V11,V12,V13,V14,V15,V16,V17,V18,V19,V20,V21,V22,V23,V24,V25,V26,V27,V28,V29,V30,V31,V32,V33,V34,V35,V36,V37,V38,V39,V40,V41,V42,V43,V44,V45,V46,V47,V48,V49,V50,V51,V52,V53,V54,V55,V56,V57,V58,V59,V60,V61,V62,V63,V64,V65,V66,V67,V68,V69,V70,V71,V72,V73,V74,V75,V76,V77,V78,V79,V80,V81,V82,V83,V84,V85,V86,V87,V88,V89,V90,V91,V92,V93,V94,V95,V96,V97,V98,V99,V100,V101,V102,V103,V104,V105,V106,V107,V108,V109,V110,V111,V112,V113,V114,V115,V116,V117,V118,V119,V120,V121,V122,V123,V124,V125,V126,V127,V128,V129,V130,V131,V132,V133,V134,V135,V136,V137,V138,V139,V140,V141,V142,V143,V144,V145,V146,V147,V148,V149,V150,V151,V152,V153,V154,V155,V156,V157,V158,V159,V160,V161,V162,V163,V164,V165,V166,V167,V168,V169,V170,V171,V172,V173,V174,V175,V176,V177,V178,V179,V180,V181,V182,V183,V184,V185,V186,V187,V188,V189,V190,V191,V192,V193,V194,V195,V196,V197,V198,V199,V200
positive42-2.txt_sp|Q6UWW0|LCN15_HUMAN,0.2372,0.1962,1.012,1.5738,1.0134,0.1028,0.6926,0.6105,0.6978,0.5665,0.8903,0.2432,1.282,1.0572,1.7789,-0.5258,-0.7428,0.6923,1.0906,0.867,0.1478,0.4905,0.6853,1.6887,0.6554,1.0537,0.4835,0.4003,0.7303,0.8424,1.0461,0.8702,0.7775,1.332,1.3391,0.5258,1.0313,0.5267,0.2918,0.6625,-0.218,0.0974,-0.5784,-0.3834,0.2028,0.3525,0.7931,-0.2629,0.3765,0.2052,-0.4354,-0.3884,-0.2531,0.9374,0.3781,-0.1737,-0.564,-0.8274,1.0182,0.8096,-0.0713,0.8874,-0.6845,-0.2892,0.8054,0.6826,0.6522,0.095,0.9715,-0.3146,0.4083,0.7456,0.7463,-1.387,0.7683,-0.1237,0.4704,0.9023,1.2234,-0.4692,-0.0459,-0.5082,0.0856,-0.4291,-0.2453,-0.6659,0.516,-0.9406,0.0931,-1.344,-0.6166,-0.2275,-1.2842,-0.3973,0.2535,-0.0183,-0.7892,0.0995,-0.6624,-0.2649,-0.2869,0.4049,-0.1304,-1.283,-0.0823,1.1227,0.1271,-0.1442,0.7413,-0.4457,0.3469,0.9125,-0.6614,-0.2882,0.5062,0.0441,0.1544,0.2776,-0.2774,-0.9749,0.1388,0.0514,-0.5706,-1.0654,0.3271,0.389,0.5135,-0.6398,-0.0726,-0.8017,-0.6522,-0.1703,-0.7845,-1.5758,0.0195,-0.4481,0.0177,0.7798,-0.779,-0.5572,0.0117,-0.1609,0.204,-0.7797,-0.0794,0.1007,-0.7523,-0.1565,-0.4781,-0.215,0.2682,0.2837,-0.5091,-1.5704,-0.6809,0.0039,-0.0695,0.6513,-0.7688,-0.5527,0.4907,0.1304,-0.2417,-0.9493,-0.7263,-0.2371,-0.5232,0.2074,0.1401,-0.5326,-0.1876,0.4941,-0.3767,-1.2188,-1.5299,-0.0476,0.1525,-0.3416,-0.2581,-0.842,-0.3898,0.3146,0.2388,0.0362,0.0896,0.0203,0.2881,-0.1807,0.1825,0.8301,0.9989,0.0934,-0.3331,0.4456,-0.6788,-0.1108,0.0585,-0.6676,0.1345,0.0612
positive42-2.txt_gi|8134622|sp|O97921.1|PTGDS_HORSE,0.6818,0.1605,0.7706,1.5322,1.4314,0.2669,1.1156,0.592,-0.0371,0.2855,0.6187,0.1876,-0.1549,1.0039,1.981,0.0879,-0.7137,0.5768,1.232,0.8482,0.5908,0.5737,0.869,1.8592,1.2301,0.8383,0.6054,0.5931,0.8948,0.4426,1.2179,0.9436,0.976,0.646,1.3563,0.3329,0.8094,1.2043,0.4167,0.4456,0.2475,-0.3898,0.4358,0.4016,0.2048,0.2211,0.62,0.1452,0.3519,-0.177,0.0172,-0.1501,-0.3832,0.6772,0.8163,0.0153,-0.487,0.1729,1.4771,0.5102,0.2075,1.1482,-0.4528,0.3708,0.7368,0.8974,0.8571,-0.3179,0.4185,-0.2768,0.1684,0.6006,-0.1211,-0.873,0.7786,-0.2163,0.0692,0.9719,1.5065,-0.5403,-0.115,-0.2111,0.239,0.3316,-0.0688,-0.2846,0.9328,-0.8435,-0.2443,-0.9949,0.0053,0.0662,-0.435,-0.3023,-0.0317,0.0733,-0.732,0.2825,0.0223,-0.1671,-0.2808,0.4465,-0.1931,-1.0673,0.2176,0.8066,0.375,-0.3348,0.4074,-0.187,0.3365,1.1296,0.1674,-0.8794,-0.4229,-0.0112,0.0438,0.2825,-0.3958,-0.9391,0.28,-0.1099,-0.1421,-0.3098,0.555,0.1639,0.6053,-0.1622,-0.0298,-0.9016,0.3412,0.1676,-0.2832,-1.6476,0.1144,-0.2249,-0.1594,0.0905,0.1944,-0.5484,0.1157,-0.2057,0.6339,-0.7695,0.3016,-0.1384,-0.9013,-0.2613,0.4413,-0.7602,-0.0866,0.5235,0.0997,-0.6927,0.2735,0.1451,-0.1648,0.0153,-1.1568,-0.574,0.679,-0.0341,-0.2005,-0.1751,-0.3353,-0.4154,0.1976,-0.0817,-0.1681,-0.3631,-0.0547,0.4505,-0.8892,-1.322,-1.017,-0.2646,0.717,-0.0506,0.3734,-0.3227,-0.0404,0.277,-0.073,-0.1963,0.4444,-0.1434,0.4538,-0.1651,-0.4123,0.6326,0.725,0.2281,-0.5706,0.6833,-0.7475,-0.1679,0.1535,-0.1462,0.499,-0.1298
positive42-2.txt_gi|121957959|sp|Q3SZR3.1|A1AG_BOVIN,0.0392,0.3533,-0.2218,-0.1269,0.1877,0.9071,0.9826,0.1273,0.0109,0.6273,0.6724,1.2792,0.3076,1.8444,0.0607,-0.2903,-0.1189,0.1028,0.8277,0.255,-0.1894,0.0106,0.1478,0.1118,0.0624,0.8295,0.8899,-0.548,-0.648,0.0795,0.3788,0.2968,0.4943,0.5947,-0.1486,-0.2889,-0.285,0.1172,-0.46,0.0769,-0.2156,0.2631,-0.5928,0.0827,0.0866,1.1898,0.8299,-0.5383,-0.0306,0.2467,0.7138,0.6122,0.1802,0.7572,0.2618,-0.2373,0.1925,-0.3583,0.2315,0.671,-0.0854,-0.4724,0.197,0.3008,0.2828,0.0202,0.3625,0.0354,-0.4193,0.1712,0.2385,0.3317,0.2165,-0.3515,0.1531,-0.3609,-0.3731,-0.1011,-0.3217,0.3527,0.0661,0.4198,0.554,-0.598,0.0139,0.6864,0.1977,0.3561,-0.0381,0.2386,-0.1278,0.148,0.3596,-0.111,-0.3441,0.1396,0.2179,0.8148,-0.2836,-0.0999,0.363,-0.2319,-0.3395,-0.0897,-0.3623,-0.0283,0.1439,0.1945,0.1021,0.3399,0.1021,-0.5871,0.2185,0.0707,-0.351,-0.1354,0.1982,0.532,-0.0215,0.0958,0.0672,-0.1261,0.1689,-0.1089,-0.0885,0.0633,1.0414,0.1201,0.3976,0.613,0.3133,-0.1247,-0.0933,-0.3559,0.4979,0.2411,-0.3259,0.0874,-0.3824,0.0457,-0.3649,-0.0475,0.3663,0.2016,-0.397,0.1661,0.3062,-0.2299,0.0828,0.4255,-0.0101,0.2625,0.169,-1.2277,-0.046,-0.0444,0.3906,-0.4752,-1.046,0.1987,0.0062,0.5908,-0.0965,-0.8124,-0.0013,-0.0063,-0.2514,-0.1044,0.0134,-0.4017,0.1968,1.004,-0.105,-0.409,-0.2177,0.0629,-0.0016,-0.484,0.0369,-0.1709,0.0946,0.3333,0.2388,-0.4561,0.0495,-0.0381,0.2198,0.4279,0.1271,0.4603,0.5941,0.4539,0.3422,-0.0323,0.479,0.0713,0.0953,-0.3158,0.0457,0.1293
positive42-2.txt_BAG12758.1|,0.6444,-0.2274,0.6368,0.7691,0.8346,-0.2328,0.0972,1.4022,0.1048,0.8762,1.0612,0.234,0.8325,-0.4008,1.4104,-0.2744,0.0462,1.8297,-0.3539,0.8507,0.6413,0.6727,0.7687,1.1002,1.9079,0.5218,0.0619,0.3953,0.0174,0.1801,0.4595,0.6541,0.3403,-0.3214,3.0593,-0.0882,0.3944,0.5644,0.1635,-0.221,0.1887,0.1458,0.5478,-0.2652,0.3085,-0.1631,0.5074,0.9338,0.6078,0.1612,0.2696,-0.0619,0.0415,0.4004,1.2892,0.1171,-0.0463,-0.8309,0.1559,0.0394,0.2451,-0.1615,0.1907,-0.3941,0.7152,0.7017,0.6869,0.616,0.5192,0.2178,0.9559,1.0435,0.0686,0.0229,1.6356,0.0945,0.2019,-0.3085,0.8904,-0.5891,0.0384,-0.1049,0.6225,-0.4107,0.2071,0.022,0.3955,-0.2237,0.086,-0.5369,0.6041,-0.3774,-0.2684,1.5266,-0.2427,-0.2373,-0.0829,-0.9168,1.3954,-0.1298,0.2058,0.1419,0.5283,-0.5268,0.4713,-0.0078,-0.5001,0.3607,0.2305,-0.2787,0.6471,0.4511,0.112,-0.927,-0.1719,0.1097,0.0695,-0.229,-1.0173,0.3027,0.5484,-0.0746,-0.0024,-0.6779,-0.2162,0.1658,-0.0692,-0.3058,0.3352,-0.183,0.152,0.2052,-0.5057,0.4812,-1.0741,-0.2688,-0.3028,0.2781,0.6222,-0.4863,-0.0304,0.3,0.3034,-0.8938,-0.2231,-0.2699,-0.291,0.2575,-0.4374,-0.0902,0.5048,-0.0963,-0.023,-0.8546,-0.696,-0.0078,-0.185,1.0537,-0.4622,-0.4836,0.0282,0.4237,0.3429,0.7109,-0.0238,0.1672,-0.5038,-0.092,0.3692,-0.301,0.3106,0.6319,0.4277,-0.2496,-1.7783,-0.3717,0.0141,0.6355,0.4749,-0.1415,0.0395,-0.1671,-0.1382,0.2207,-1.0706,-0.3679,0.6038,-0.9636,1.0283,-0.3611,0.2807,-0.6708,0.3268,0.2369,-1.4748,0.2653,-0.1382,0.1703,-0.0728,-0.3432
positive42-2.txt_BAB51309.1|,-0.227,-0.3392,-0.4537,0.4696,-0.233,-0.033,-0.0225,1.0151,-0.3066,0.3076,-0.3398,0.3068,-0.3483,-0.305,2.0419,-0.2974,-0.323,0.3981,-1.088,0.6537,0.1632,0.3648,0.6075,0.9936,0.9196,0.4751,1.0491,0.2856,-0.2187,-0.3302,-0.5613,0.3947,-0.6882,-0.3439,1.691,0.0816,0.4294,-0.0954,-0.3167,-0.2095,-0.175,0.1059,-0.6084,-0.82,-0.2932,-0.4,0.0823,-0.3502,0.0093,-0.1139,-0.4939,-0.5073,0.176,-0.6722,0.6807,-0.1852,-0.2565,-0.4334,-1.0322,-0.776,-0.2989,0.0477,0.8672,0.1002,0.7568,0.1397,0.0769,-0.0223,0.2264,-0.8113,-0.3358,0.4542,0.1132,0.3422,0.4817,0.1596,0.1115,0.4096,0.801,-0.9465,0.003,-0.4606,-1.0126,-1.4072,-0.2637,0.0112,0.066,-0.0547,-0.4245,-0.8312,-0.5463,-0.4684,0.1231,0.1658,1.1105,-0.7876,0.8993,-0.3018,0.6922,-0.4258,-0.2178,0.1271,0.2316,-1.5329,0.412,0.0508,-0.1202,-0.2147,0.1619,-0.1368,0.1922,0.3855,0.0155,0.1371,-0.0672,0.5068,-0.0908,0.4321,-0.0538,0.09,-0.0433,-0.4603,0.6044,-0.8054,0.111,-0.3523,-0.4389,0.0224,0.76,0.202,0.099,0.1943,-0.0953,0.4119,-0.2497,-0.1465,0.0102,0.4753,-0.1144,-0.3626,-0.2036,0.0258,-0.9398,0.3509,0.1951,0.0743,0.1302,0.0268,-0.5526,0.2075,0.1186,0.4118,0.037,-0.4729,-0.7543,-0.314,-0.7884,0.6937,0.195,0.5601,0.0771,0.8186,-0.3305,-0.3932,-0.2599,-0.0402,-0.2077,0.1346,0.0931,0.0517,0.1667,-0.0301,0.6535,-0.8248,-0.8395,-0.8164,0.7263,0.4375,0.3248,-0.362,0.2972,-0.4395,-0.1824,0.743,-0.7955,0.4451,0.8955,0.2077,-0.1692,0.1432,0.0766,0.0457,-0.1794,1.0996,-0.5631,0.4941,0.3069,-0.0152,1.3893,-0.5642
positive42-2.txt_NP_644257.1|,0.0765,-0.1922,-0.3696,0.486,0.7934,0.1224,0.5263,0.8364,-0.2174,0.3291,-0.3187,-0.1137,-0.1029,-0.1118,1.9472,-0.3458,-0.9079,0.5549,0.2935,0.4738,0.139,0.1196,0.2461,0.5262,-0.3924,-0.3802,0.0043,0.1415,-0.3374,-0.5247,-0.4745,0.4809,-0.2146,-0.3438,3.0333,0.1017,0.4055,0.0674,0.3507,-0.1177,-0.0526,-0.2708,-0.291,-0.7831,0.1976,-0.5297,-0.3032,0.2027,-0.1648,-0.5753,-0.2167,-0.4878,-0.1815,-0.216,1.5376,-0.415,-0.2256,0.2466,-0.193,-0.6601,-0.1311,0.2141,0.663,-1.0487,1.8355,0.4598,0.0166,0.1208,0.454,-0.6448,-0.2678,0.4104,0.0309,-0.375,0.9925,0.5266,0.8599,0.1222,0.6495,-0.9353,0.1404,-0.6522,-0.3109,-0.4326,0.1915,-0.0801,0.7731,0.1879,-0.0782,-0.5828,-0.7179,-0.5096,3.00E-04,0.5086,0.7414,-0.1345,0.591,-0.4129,1.7666,-0.2168,-0.1829,0.2404,-0.24,-2.1212,-0.6608,-0.1003,-0.9318,-0.314,-0.4292,-0.5742,-0.5115,0.4265,-0.3456,-0.6761,-0.0209,0.0225,-0.3984,0.5078,-0.0772,0.1393,0.6528,-0.167,0.2475,-0.8387,-0.3602,0.5921,-0.3359,0.4088,0.8311,0.4856,0.2189,0.2487,-0.0337,0.3507,-0.2717,0.6286,0.5838,0.4388,0.7619,-0.0444,0.1269,-0.4344,-0.5307,0.2324,-0.1772,0.0762,-0.4676,0.4451,-0.2221,-0.0789,0.132,0.1568,0.2443,-0.7433,0.0728,-0.1215,-0.3466,0.0038,-0.987,0.0411,0.1394,0.285,-0.2212,0.0506,-0.1284,-0.1734,0.1555,0.2154,0.193,-0.1094,0.5708,0.5095,0.8163,-0.1463,0.2284,-0.7103,0.3657,1.8669,0.5482,-0.4367,0.1516,0.6617,0.5778,0.3417,-0.0449,0.1788,0.6934,-0.1609,0.0556,0.1517,0.52,0.1181,0.6121,0.6119,0.2043,0.1392,0.5496,-0.5363,1.1152,0.1776
positive42-2.txt_ZP_01913758.1|,0.2958,0.3311,0.1392,0.2395,1.4002,-0.031,-0.0711,1.3484,0.0468,0.1618,0.2785,0.2354,-0.1854,-1.3071,2.3651,-0.1058,-0.3516,0.1911,-1.3805,0.6234,0.2444,-0.1137,0.6567,1.5238,0.2444,0.1171,0.6028,0.352,-0.3744,0.052,0.1221,0.0553,0.2717,-0.767,1.2297,-0.3885,0.5982,-0.0102,0.2677,0.0992,0.1991,-0.461,-0.4023,-0.7276,1.3961,0.3743,0.164,-0.5716,0.6077,0.1491,0.5973,-0.221,0.3545,0.2287,1.0032,-0.2517,-0.3916,1.6192,-0.0465,0.0481,0.3533,0.0492,-0.0405,-0.1385,1.8413,0.0531,0.0871,-0.1778,-0.1011,-0.8096,0.2683,0.3154,-0.2761,0.5419,0.9722,0.518,0.5298,0.1848,0.2003,-0.838,-0.027,-0.9109,-0.0838,-0.2979,0.4145,0.4389,0.6971,-0.1352,-0.4593,-0.8615,0.0309,-0.1904,-0.2041,0.8277,0.3345,0.2082,0.0347,-0.3978,0.5498,-0.3223,0.3164,-0.1545,-0.2547,-0.5695,0.1738,-0.07,-0.4185,0.0081,-0.3488,-0.4585,0.2795,0.5408,0.3631,-0.366,-0.6699,-0.0979,0.0473,0.1054,-0.3531,0.6251,0.4852,-0.3145,0.0228,-0.2694,0.4107,0.508,0.2472,0.4439,0.5099,0.1212,0.4496,0.5083,0.0766,0.0627,-0.427,0.262,0.0808,0.2671,1.3927,0.0182,-0.3691,0.0096,-0.6026,0.9437,-0.2475,0.1048,-0.23,0.2256,-0.1425,0.1596,0.7238,0.2531,0.3311,-0.3691,-0.1996,-0.0713,-0.5575,-0.1181,-0.5234,-0.2091,0.2205,-0.3294,0.2861,0.1853,-0.4107,-0.1855,0.5129,-0.0162,0.1519,0.4114,0.529,0.0451,-0.0032,-0.2193,-0.6269,-0.5125,0.2065,1.1394,-0.5865,-0.1037,-0.0738,0.3602,0.5374,0.8329,0.9677,0.2157,0.4353,-0.2645,0.0761,0.4879,0.1675,0.1484,-0.2483,0.6335,-0.2353,0.0767,0.0843,-0.2976,0.8669,0.3064
positive42-2.txt_XP_001870653.1|,-0.1397,-0.2061,-1.1031,-0.5102,0.2206,-0.0589,-0.2673,0.073,0.0647,0.1363,-0.2553,-0.3969,0.1067,-0.5414,0.2148,-0.1387,-0.2085,-0.0151,0.4962,-0.1022,-0.1029,-0.3248,-0.0174,0.6807,0.5864,0.0794,0.196,-0.406,-0.3935,-0.8353,-0.8029,0.1891,-0.367,-0.1503,-0.2725,-0.0675,0.1447,0.4058,0.1536,-0.6392,0.0676,0.1493,-0.7213,-0.1792,0.086,-0.002,0.1068,-0.2397,0.4242,-0.1389,-0.2855,0.0379,-0.3205,0.2304,0.6749,-0.2365,0.0209,-0.0238,0.1006,-0.0155,0.0267,-0.2642,-0.1678,-0.5641,-0.1244,-0.2614,-0.347,0.2976,-0.2758,-0.246,0.1543,-0.1435,-0.437,-0.2672,-0.0817,0.0784,0.1636,-0.0502,-0.1652,-0.184,-0.0225,0.3101,0.545,0.0118,-0.0518,0.0103,-0.1206,-0.4195,-0.1927,-0.1581,-0.2126,-0.0194,-0.2158,-0.1624,0.3424,0.0748,-0.1662,-0.1119,-0.0736,-0.2289,0.0395,0.0744,0.065,-0.5836,0.0227,-0.2432,-0.1975,0.2556,0.0421,0.3903,-0.0576,0.0523,0.0897,-0.0242,0.108,0.2167,-0.2639,-0.0525,-0.5714,-0.1328,0.0059,-0.0531,0.1593,-0.42,-0.0256,-0.1757,-0.3344,0.4706,-0.1053,-0.0176,-0.1469,-0.5114,0.0179,-0.4109,-0.6017,0.1682,-0.0098,-0.0728,0.1776,-0.0595,0.0165,-0.4378,-0.8333,-0.1472,-0.2304,-0.4831,-0.3747,-0.1646,0.023,-0.1925,0.1655,-0.5177,0.2274,-0.6612,0.1794,-0.4396,-0.0716,-0.5157,-0.5971,-0.0494,-0.0014,-0.2034,0.2895,-0.2744,-0.0643,-0.0338,-0.127,-0.6414,0.5408,-0.49,0.0466,-0.038,-0.1209,-0.0771,-0.649,-0.1192,0.1253,1.1262,0.4578,-0.147,-0.0195,0.0465,0.0893,0.5481,-0.3747,0.4218,0.45,-0.1474,0.1325,-0.0744,-0.1339,0.318,-0.1917,0.7399,-0.4197,-0.0321,-0.0724,0.1198,0.4262,-0.3105
positive42-2.txt_sp|P11590|MUP4_MOUSE,0.4091,0.2542,1.5385,1.9158,0.6146,0.2413,1.24,0.3795,0.5937,0.5215,0.9901,0.6491,0.6092,1.6129,1.9886,-0.3569,-0.6456,-0.0109,1.8409,0.6986,0.4724,0.7548,0.727,1.6583,0.3351,0.9242,0.2663,0.386,0.8144,0.654,2.0196,0.5071,1.546,0.58,1.9231,0.732,1.0175,0.5937,0.6332,0.8905,-0.1094,0.1624,-0.1475,0.1954,0.0238,0.8596,1.1018,-0.4253,0.7298,0.3584,-0.1891,0.1313,-0.2616,0.4406,0.4044,-0.3436,-0.5878,0.0524,1.2655,0.5134,0.0271,0.6149,-0.8826,0.0029,-0.1401,0.4686,0.7113,-0.2911,0.3808,-1.0291,0.401,0.4983,0.7156,-1.6705,1.3983,-0.2131,0.534,0.015,1.4355,-0.76,-0.4213,-0.2472,0.5506,-0.726,-0.1498,0.1235,0.1541,-0.929,0.4512,-0.8526,-0.7101,0.149,-0.9059,-1.2242,0.0623,-0.2195,-0.8309,0.2372,-0.6526,-0.0756,-0.552,0.6967,-0.0646,-0.7858,-0.5337,0.8251,0.6564,-0.3975,0.231,-0.4045,0.2583,0.7659,-0.4136,-0.6218,-0.0212,-0.2376,-0.1568,0.2529,-0.6813,-0.814,0.0423,-0.3019,-0.1349,-0.6013,0.4659,0.3679,0.5126,-0.6317,-0.5741,-0.6179,-0.1633,0.3017,0.0175,-2.3478,-0.3034,-0.1574,-0.073,0.3402,-0.5682,-0.8363,0.1631,0.0899,0.1363,-1.1599,-0.6392,-0.8783,-1.6763,-0.094,-0.2341,-0.2782,-0.2466,0.2701,-0.0655,-1.6065,-0.311,0.1531,0.2942,-0.0316,-1.0632,-0.4066,0.2703,0.579,0.2663,-0.3426,-0.7764,-0.4874,-0.4456,-0.4534,0.274,-0.3057,-0.0308,0.3123,-0.7104,-0.554,-0.8291,-0.0999,0.2354,-0.5263,0.0992,-0.663,-0.2608,0.4587,0.0586,-0.1379,-0.048,-0.2856,0.5932,0.5757,-0.399,0.7108,0.1667,0.0894,0.4743,-0.2418,-0.7214,0.2682,0.011,-1.0015,0.7469,0.6183
positive42-2.txt_sp|P02760|AMBP_HUMAN,0.1836,-0.1096,1.1372,1.3339,0.2144,0.0362,1.2326,0.8269,0.4136,0.7512,1.5445,0.4838,0.0707,1.2862,1.9051,0.1479,-0.1004,1.2808,1.1415,0.9496,0.289,0.3632,1.2788,1.4057,0.5243,0.6006,0.5898,0.714,0.0081,0.9206,1.3837,0.3115,0.4201,1.257,1.9096,0.0953,0.7569,0.294,0.9654,0.591,0.0231,-0.2972,0.4449,0.4521,0.4878,0.5491,1.1278,0.6551,0.6744,0.5066,0.5972,0.2268,0.72,0.4529,0.8303,-0.0904,-0.1438,0.289,-0.1859,0.5103,0.1848,0.2705,-0.1088,0.1471,0.7366,0.1564,0.8362,0.2845,0.5054,0.4809,0.8082,0.3221,-0.0103,-0.2351,0.3972,-0.0864,-0.1063,0.3425,1.3027,0.295,0.0308,0.3085,0.1038,-0.2251,-0.9335,-0.3607,-0.1348,-0.6274,0.5759,-0.0905,0.002,-0.1233,-0.7618,-0.0341,0.5524,0.1689,-0.2518,-0.0122,-0.1809,0.0496,-0.0277,-0.2276,-0.7078,-0.6592,0.6668,0.0552,-0.0022,-0.5113,0.2116,-0.3829,0.7881,-0.0814,-0.0638,-0.4653,0.9216,-0.0488,-0.2461,-0.1997,0.0254,0.0503,0.3862,0.3084,0.047,-0.0866,0.3849,0.0803,0.9872,-1.1581,-0.6605,-0.1273,0.1213,0.0637,-0.4459,-1.0935,0.756,0.2631,0.3714,-0.2365,-0.9401,0.3718,0.0559,0.0304,-0.7753,-0.7229,1.1995,-0.391,0.162,-0.7183,-0.2646,-0.3295,0.1889,0.1443,-0.0791,-0.4339,1.0262,-0.1868,-0.1131,-0.1265,-0.3084,-0.0286,0.2999,0.4741,-0.2327,-0.3792,0.3594,-0.0389,-0.2218,-1.0849,0.3641,-0.2414,0.1743,0.2697,-0.2296,-1.5769,-0.4783,0.1114,0.1884,-0.3976,-0.3058,0.0904,0.1166,-0.2404,-0.1951,0.0887,0.0305,0.2599,0.8109,-0.4685,0.5475,0.3424,0.5719,0.1364,0.1793,0.5044,0.137,0.2243,-0.1332,-0.2644,0.4464,0.028
positive42-2.txt_gi|219815997|gb|ACL37113.1|,0.5912,-0.2352,0.2742,0.4072,-0.1661,-0.1135,-0.2404,0.9697,-0.2119,0.6175,0.3791,0.5906,0.1098,-1.3076,0.8138,-0.4764,0.0196,-0.0079,-1.5618,0.5814,0.2676,0.3465,0.5244,0.6025,0.8111,0.04,0.1738,0.4001,-0.5483,-0.7934,0.1163,0.4027,-0.3347,-0.1843,1.0211,0.1332,0.4379,-0.6999,-0.8028,-0.1068,0.2517,-0.125,0.5749,-0.325,-0.2368,0.1631,0.6039,-0.021,0.2914,-0.3292,0.3231,0.1053,0.3814,-0.4951,1.0594,-0.5399,-0.4791,-0.4089,0.2574,-0.669,0.7237,0.0788,0.9754,-0.5176,0.3418,0.434,-0.0381,0.817,-0.2976,-0.1235,0.387,0.0362,-0.0077,0.6024,1.0886,0.2199,0.4518,-0.5352,0.6257,-0.2476,0.321,-0.4318,0.6814,-0.3419,-0.0226,0.4016,0.5931,-0.0442,-0.1028,0.0495,-0.1556,0.3378,-0.2649,1.145,0.2092,-0.3136,0.3062,-0.1295,0.967,-0.1512,0.0953,0.0527,-0.1026,-0.4023,1.3244,0.0592,0.3966,0.9461,-0.3144,-0.1228,1.0531,-0.1178,0.2133,-0.6326,-0.4406,0.1187,0.4656,0.5336,-1.2782,0.6846,1.0103,-0.5177,-0.4163,0.1674,-0.1261,0.8761,0.109,0.4477,0.0246,0.3839,0.4024,0.4059,0.4155,-0.0432,-1.0701,0.0454,0.2842,-0.1198,0.7832,0.0602,0.1463,0.0327,0.5222,0.2925,0.314,-0.1885,-0.2688,0.4933,-0.3833,0.3639,0.3619,0.0342,0.3832,-0.6569,-0.3255,-0.1602,-0.3346,0.4801,1.2793,0.2255,0.3193,-0.1125,-0.8455,-0.0255,0.6556,-0.0944,0.1281,0.1881,-0.0229,0.2643,0.6009,0.4096,0.0577,0.7321,-1.0782,0.0965,0.3939,0.2761,-0.2157,0.0998,0.0076,0.721,0.0819,-0.8097,-0.0895,-0.3182,0.035,-0.4465,0.5855,-0.0669,0.3609,0.1117,-0.3487,1.1341,-1.2005,0.3338,-0.0279,0.1883,-0.1878,0.151
positive42-2.txt_gi|62486|emb|CAA48138.1|,0.0361,0.2949,1.3939,1.7363,1.2446,-0.5082,0.1782,1.4414,1.319,0.8565,1.6872,-0.0863,0.8131,0.5008,1.0702,-0.4926,-0.3215,0.4385,1.4426,0.7263,0.319,1.671,1.6884,2.3681,0.4058,1.8154,1.2519,0.7113,0.7154,0.8912,1.8901,1.8689,1.4452,0.9222,1.5661,0.1162,0.8778,-0.4254,-0.309,0.9676,0.0293,0.2149,0.1332,-0.4373,0.5114,-0.3058,0.2923,-0.0286,0.7566,0.8963,-0.0281,-0.212,0.1791,0.282,0.4677,0.3325,-0.5213,-0.7485,1.5415,0.2535,0.3676,0.7231,-0.2206,0.0174,0.7063,1.4919,0.5024,-0.4277,0.8438,-1.3257,-0.066,0.8381,-0.2348,-1.0515,1.3224,0.0804,0.5567,0.6074,0.9707,-0.6595,-0.2223,0.1169,0.1056,-0.469,-0.4733,-0.5283,1.1008,-1.2314,-0.0992,-1.3093,-0.7398,0.6599,-0.472,-0.8605,0.9511,0.3704,-1.3014,-0.6151,-0.6097,-0.6187,-0.1047,-0.4475,-0.2761,-1.5973,-0.1784,1.0734,-0.3014,0.2887,1.6268,-0.7857,0.1211,1.1057,-0.246,-2.6246,0.0385,-0.5948,-0.0873,0.165,-0.2712,-0.7788,0.4057,0.3521,-0.1071,0.1248,0.422,-0.0541,0.9581,-0.5328,0.0116,-1.6827,-0.8161,0.6778,-0.2286,-2.2903,0.3919,-0.1887,0.1235,1.506,0.1669,-0.7145,-0.2275,-0.007,0.6364,-1.2078,0.1296,-0.2001,-1.1082,-1.2182,0.4112,-0.5921,0.1774,0.479,-0.7304,-1.3397,-0.2767,-0.3453,0.1523,-0.6451,-0.7411,-1.04,0.3969,-0.1315,-0.5477,0.4226,-0.4418,-0.1791,0.1505,-0.756,-0.1428,0.036,-0.3189,0.1091,0.5659,-1.1432,-0.5997,-0.2118,0.4018,0.0731,0.0194,-0.2104,-0.4078,-0.1852,0.1077,-0.3565,0.1548,0.1269,-0.0159,-1.1561,0.252,-0.3126,0.9547,0.2558,-0.888,1.8087,-0.4308,0.3554,0.5503,-0.479,0.0337,-0.1553
positive42-2.txt_gi|20177826|sp|Q9Z1I7.1|APHR_MESAU,0.179,0.392,1.5395,2.6816,1.8005,-0.1613,1.5387,0.8889,1.1984,0.9326,1.6508,0.5243,1.0054,2.1985,0.8536,0.1196,-0.1751,0.8725,1.8187,1.3606,0.2104,0.1051,0.981,1.3815,0.7567,0.126,-0.1915,0.9093,0.0401,0.7377,1.538,0.5363,1.3445,0.926,1.2279,0.2959,0.1593,0.6365,1.6475,0.726,-0.0078,0.1342,-0.1234,0.0106,-0.1575,0.74,1.2279,-0.4541,0.5259,0.4819,0.1728,0.1163,-0.4046,0.3398,-0.0813,-0.0137,-0.8863,0.2601,2.1091,0.8593,0.0111,0.2277,-0.9447,-0.2664,-0.2927,-0.0177,0.3652,-0.0393,0.5282,-0.7454,-0.3551,0.6951,0.4739,-1.063,0.291,0.0172,-0.2286,-0.084,1.4407,-0.9087,-0.6446,0.0148,-0.0268,-0.5096,-0.5789,-0.5624,-0.8155,-1.2258,0.7455,-1.031,-1.2045,-0.2752,-1.1319,-1.6886,-0.0092,0.0723,-0.6785,0.8269,0.1907,-1.1175,-0.7169,0.0579,-0.275,-1.2865,-0.0113,0.5171,0.6252,0.0703,0.2848,-0.6099,-0.3191,0.685,-1.0611,-0.4645,-0.7329,-0.176,0.2469,-0.2104,0.1161,-1.1376,-0.0464,-0.5826,-0.8851,-1.553,-0.0179,-0.1962,0.0089,-0.3862,0.2345,-1.0153,-0.6377,0.3345,-1.0042,-1.0895,-0.4291,-0.2338,0.1353,0.4534,0.329,-1.0438,0.2911,-0.1762,-0.265,-1.6281,-0.0494,-0.4895,-1.4139,0.3184,-1.2817,-0.6186,-0.1049,0.4949,-0.0072,-2.2932,-0.7325,0.0038,0.2466,-0.8581,-1.018,-1.3965,0.2004,0.0983,-0.2025,-0.6169,-0.6259,-0.8649,-0.5205,-0.2725,0.2577,-0.2318,0.299,-0.0479,-0.117,-0.314,-1.5044,-0.2877,0.1808,-0.785,-0.1831,-0.5835,0.0591,-0.3202,-0.2484,0.0445,-0.4134,-0.1967,0.1601,-0.4234,0.6558,0.0302,0.363,-0.1853,0.0512,-0.2195,-1.2606,-0.4297,0.2495,-0.3685,0.2002,0.1446
positive42-2.txt_tr|Q86PT3|Q86PT3_ANOGA,0.007,-0.0969,0.1853,-0.1647,-0.083,-0.1714,-0.4183,0.4252,-0.0788,0.4233,0.3422,-0.2907,0.4927,-0.3065,-0.3132,-0.1564,0.1141,-0.111,-0.1928,0.5012,-0.0746,-0.2862,-0.1551,-0.426,0.3854,0.0122,-0.2496,-0.3887,0.5394,-0.6041,-0.5046,-0.2422,-0.1189,-0.3425,-0.1061,-0.1626,0.1137,0.0286,0.5497,-0.2118,-0.0143,0.2722,1.1699,0.6726,0.6868,0.3131,0.6273,-0.0804,-0.0707,0.2194,0.51,0.1832,0.1849,0.3019,0.0798,0.0203,-0.057,0.1693,0.1691,0.3873,-0.0232,0.0037,0.0198,0.1497,0.0302,0.1028,0.305,-0.2401,0.0915,-0.1218,0.0794,0.2509,-0.007,-0.3857,-0.1928,-0.3206,0.0236,-0.0312,-0.0867,-0.1267,0.1846,0.0399,-0.0785,-0.3795,0.7845,-0.1262,-0.5251,1.00E-04,-0.06,0.1667,-0.0226,0.1195,-0.0168,0.1252,0.2988,0.153,0.3703,-0.0327,-0.1227,0.1409,0.3464,-0.166,0.4435,-0.4485,-0.2339,-0.0489,-0.2623,0.7855,0.2631,-0.0444,-0.0532,-0.3542,0.137,-0.4565,-0.1492,0.0573,0.1126,-0.1256,-0.3454,0.0238,0.2551,-0.0627,0.6615,0.9329,0.9983,0.198,0.7884,-0.0806,0.6644,-0.2573,0.2059,0.3857,0.396,0.1335,-0.0876,0.1007,0.0274,0.1163,0.0504,-0.1367,-0.0389,-0.2291,0.4366,0.2086,-0.1936,-0.1225,0.1362,-0.761,0.1824,0.2071,0.0032,-0.2611,0.1158,0.0191,0.0087,-0.0951,-0.4803,0.0081,0.0338,0.39,0.0961,0.1028,0.2063,-0.2037,0.1186,-0.1259,-0.3945,0.6675,0.6413,-0.4661,-0.66,0.2075,-0.2099,-0.218,-0.2181,0.1934,-0.1135,-0.0986,0.4059,-0.1749,0.0608,-0.1316,-0.5699,0.0745,-0.354,-0.1379,-0.0371,-0.2036,-0.4991,-0.0622,0.3515,-0.2478,0.1983,0.1713,0.0496,-0.1705,-0.0508,-0.0729,-0.071,-0.1774
positive42-2.txt_AGAP009281-RA,0.0672,0.4052,0.1844,0.0423,0.2388,0.1617,-0.2696,0.8411,0.4637,0.1812,0.4108,1.0416,-0.4566,-0.9569,1.3562,-0.3848,-0.3985,0.747,-0.9753,0.8953,0.3381,1.0573,1.0562,1.2518,1.0841,0.2623,0.8119,0.6654,-0.6111,0.3383,0.4442,1.7253,-0.2783,0.6433,2.276,0.1448,0.7165,-0.2322,-0.0132,0.8273,-0.0076,-0.2152,0.774,0.0513,0.552,-0.2969,0.2559,0.8908,0.2284,-0.4489,0.2086,-0.166,0.0843,-0.4106,1.6999,-0.0521,0.3158,-0.574,0.0395,-0.1959,0.1592,0.0066,0.7498,0.2651,1.8492,0.5466,0.188,0.1679,1.1514,-0.3866,0.2448,0.6909,0.076,0.1541,1.1173,0.0569,0.8219,-0.1924,0.2038,-0.4399,0.1743,-0.6803,-0.2058,-0.2583,-0.2645,0.4192,0.7795,-0.0794,-0.3049,-0.9474,-0.1541,-0.5411,-0.1354,0.2845,0.5269,-0.5317,-0.0564,-0.6896,0.7299,-0.9216,0.4137,-0.0043,-0.5058,-1.0177,0.4509,-0.651,-0.3724,1.2912,-0.0675,-0.0704,0.898,0.5921,0.4324,0.5866,0.0457,-0.0084,-0.0618,-0.0042,-1.3996,0.6286,0.3453,-0.1556,0.2196,-0.6053,0.3278,0.2099,-0.7762,0.4676,0.2305,0.1921,0.581,0.1422,0.1859,-0.3739,-0.5808,-0.0555,0.359,1.2094,0.9282,-0.6114,-0.1673,-0.5128,-0.0815,-0.9523,-0.1107,-0.3124,-0.2445,0.4289,-0.4705,0.0292,0.5838,0.4317,0.0079,0.1837,-0.5065,-0.1666,-0.1855,1.072,-0.8179,-0.5223,0.5681,0.4031,0.2047,-0.4867,0.0476,0.4889,-0.5948,0.2593,-0.2457,-0.1014,0.8775,0.6856,-0.3203,-0.1709,-1.16,-0.3926,0.3645,0.9227,-0.1379,-0.2751,-0.0996,-0.211,-0.2352,-0.5711,0.1024,-0.0227,0.3143,-0.8556,0.4271,0.2383,-0.3282,0.7221,1.0056,-0.0031,-0.6588,0.3649,0.2238,-1.1589,-0.0725,-0.1818
positive42-2.txt_gi|156968281|gb|ABU98612.1|,-0.0293,-0.2797,0.2167,0.0359,0.5115,0.1017,-0.1653,0.7099,-0.2054,0.46,-0.0278,-0.0742,-0.0101,-0.386,1.2371,-0.1585,-0.1932,0.2692,-0.7481,0.574,0.1735,0.5132,0.565,1.1392,0.569,0.2759,0.653,-0.177,-0.5416,-0.2078,0.1068,0.5093,0.1589,0.0382,1.1355,0.0163,0.3258,-0.0167,-0.7002,-0.0143,-0.1176,-0.2821,-0.3544,-0.5844,0.2694,-0.042,0.2294,-0.3632,0.4599,-0.1407,-0.2251,0.0621,0.2097,-0.3318,1.0852,-0.3111,-0.3318,-0.3628,-0.136,-0.2816,0.001,-0.0758,0.2659,-0.8267,0.3035,0.2656,0.012,-0.4623,-0.0515,-0.5744,0.0391,0.2723,-0.3459,0.0367,1.0883,0.2416,0.2205,-0.4708,-0.2045,-0.5321,-0.0274,-0.3759,0.1835,-0.3169,0.1869,-0.1982,0.3451,-0.0205,-0.4356,-0.5566,-0.2413,-0.3577,-0.1685,0.5638,0.256,-0.2825,0.0485,-0.6529,0.2074,-0.3146,0.0737,0.0573,-0.1673,-0.4143,0.5521,0.3262,0.3358,-0.0164,-0.1459,-0.0301,0.2894,0.5179,0.2759,-0.1817,-0.0881,0.0565,-0.4029,0.0835,-0.6327,0.5889,0.2901,-0.0941,-0.1513,-0.4544,0.548,-0.0995,-0.4757,0.2651,0.2842,0.0675,0.2828,0.1219,0.0413,0.282,-0.873,-0.0516,0.0254,0.5717,0.796,-0.2779,-0.2537,0.2604,-0.1398,-0.1659,0.1115,0.1922,-0.0516,-0.083,-0.4457,0.1383,0.2946,0.0848,0.0505,-0.2894,-0.4851,-0.1692,-0.1093,0.2846,-0.6743,0.2716,0.3384,0.1816,-0.1716,-0.1179,0.1619,-0.2093,-0.52,-0.191,0.0465,0.0015,0.338,0.4726,0.335,-0.4462,-0.9663,-0.4598,0.2325,0.4987,0.2073,-0.2312,-0.108,0.3708,-0.1331,-0.0232,-0.3775,-0.0534,0.2996,-0.4919,0.3717,-0.121,0.1004,0.293,-0.0722,0.5415,-0.6572,0.4336,0.3203,-0.335,0.7614,-0.3908
positive42-2.txt_gi|20178087|sp|P81608.1|SAL_PIG,0.4883,0.19,1.146,1.7157,1.1233,0.1392,0.86,0.5732,0.521,0.4804,0.6577,0.4976,0.6661,1.0474,1.2026,0.2444,-0.3274,-0.1918,0.7275,0.8649,0.7972,0.5811,1.2042,1.5411,0.9922,0.9846,-0.1441,0.4398,0.594,0.3471,1.5493,0.6959,1.6581,0.7368,2.1423,0.4034,0.8658,-0.1444,-0.0431,0.5833,0.2632,0.2207,-0.3946,-0.1062,0.8913,0.6593,0.9602,-0.1005,0.9974,0.3352,-0.0555,0.3426,-0.5634,0.7501,1.3461,0.0047,-0.2846,0.2545,0.9799,0.3423,0.7237,0.3448,-0.7201,-0.2284,-0.5193,0.7577,0.5341,0.1776,0.3597,-0.2034,0.2489,0.6471,0.4564,-1.8382,0.8153,0.0135,0.3054,-0.5863,1.6051,-0.5252,-0.0675,-0.4345,0.0155,-0.309,0.1924,-0.0078,0.2529,-0.7224,0.2367,-0.4186,-0.5805,0.0775,-1.6012,-0.4569,0.6457,0.0135,-0.6818,0.7134,-0.4112,-0.04,-0.241,0.2075,-0.0786,-1.62,-0.6339,0.8596,0.0854,-0.2411,0.4691,-0.4632,0.1115,0.7524,-0.664,-0.531,-0.3961,-0.0461,0.5786,0.1814,-0.3165,-0.5262,0.6262,-0.2955,-0.9496,-1.5376,0.6781,0.1061,-0.2621,-0.2811,0.0193,-0.282,-0.458,-0.0302,-0.518,-1.9293,-0.4438,0.0251,0.0788,-0.1973,-0.6028,-0.8291,0.2902,0.1304,0.4195,-0.7357,-0.1787,-0.0114,-1.0889,-0.191,-0.4737,-0.4352,0.1091,0.7841,0.0692,-1.2664,-0.421,0.1353,0.1054,0.2352,-0.6478,-0.8511,0.4076,0.006,-0.1084,-1.1063,-0.224,-0.8659,-0.0412,0.4648,-0.0024,-0.56,-0.6012,0.427,-0.275,-0.9038,-1.0297,-0.1535,-0.0386,0.1329,0.3138,-1.1471,0.0608,0.0377,-0.0413,0.0244,0.2054,-0.2422,0.197,0.468,0.3084,0.6971,0.8664,0.278,0.0407,0.7086,-0.8903,0.1991,0.504,-0.3608,0.0468,0.1098
positive42-2.txt_gi|75062228|sp|Q5VFH6.1|ALL4_FELCA,0.5724,0.3608,0.8681,1.1546,1.2108,-0.2799,0.7622,0.6881,0.9467,0.7372,1.1771,0.516,0.7055,1.2858,1.1578,-0.2495,-0.343,0.6419,1.5098,1.1024,0.5174,0.9395,1.2699,2.1121,0.913,1.1476,0.0107,1.37,0.3748,0.7578,1.3843,1.0618,1.2427,0.5366,1.3502,0.6621,0.8648,0.3533,0.8356,0.5918,0.08,0.0689,0.0618,-0.1199,0.1527,0.3771,1.2378,0.0215,0.9469,0.514,0.2742,0.4865,-0.2088,0.264,-0.0837,0.0887,-0.4591,-0.3553,1.3371,0.7425,0.5672,0.5634,-0.4123,0.1566,-0.0168,0.7575,1.0938,-0.2869,1.2414,-0.3005,0.1604,0.7401,0.2524,-1.4128,0.4298,0.1634,0.1422,0.0171,0.8758,-0.8415,-0.2121,-0.0924,0.2796,-0.4312,-0.2435,-0.3658,1.0842,-0.7403,0.9324,-1.4577,-0.6207,0.1558,-0.6589,-0.574,0.3486,0.1648,-0.8134,0.2775,-0.1487,-0.7136,-0.2278,0.0597,0.2171,-1.4413,0.2052,1.3115,0.1833,-0.304,0.056,-0.7633,0.119,0.3437,-0.6987,-1.1445,-0.5447,0.0695,0.0836,0.5067,0.3321,-0.8453,0.3745,-0.2696,-0.6529,-0.876,0.5748,-0.6046,-0.5747,-0.3073,-0.4139,-0.6332,-0.3319,0.1809,-0.1097,-2.3285,-0.7738,0.0827,-0.4757,0.595,-0.3675,-0.9738,0.0956,0.1364,0.2271,-1.3707,-0.2143,-0.3572,-0.6412,-0.0511,-0.0237,-0.2913,-0.3195,0.5313,0.074,-1.2747,-0.1422,-0.0815,0.1636,-0.429,-0.5735,-0.9016,-0.0821,0.2445,-0.0166,-0.611,-0.4473,-0.4052,-0.3276,0.0339,-0.5615,-0.1189,-0.1352,0.1869,-0.0999,-1.0755,-1.2358,-0.3741,-0.2164,-0.0568,0.543,-0.3299,-0.1695,-0.4033,-0.2472,-1.1801,-0.143,0.3315,-0.5434,-0.097,-0.469,0.4295,0.5174,0.6065,0.3132,0.6413,-0.0746,0.4374,0.2591,-0.8122,0.4889,-0.6045
positive42-2.txt_gi|172051154|gb|ACB70352.1|,-0.2985,0.2314,0.1575,-0.2852,0.8986,0.6143,0.4836,-0.4942,0.023,0.7884,0.5683,0.7067,0.2432,1.4181,0.9292,0.1394,0.2821,0.0094,-0.0463,0.5576,-0.122,-0.1986,-0.1029,-0.5612,0.1838,0.1509,0.1582,-0.3039,0.1075,-0.044,0.1038,-0.0699,0.1714,0.4424,0.0154,0.1151,0.4193,-0.3124,-0.0262,0.0183,0.5448,0.2851,0.3732,-0.5144,-0.3515,0.3071,0.0852,0.1978,-0.0607,-0.4287,-0.2526,0.7814,-0.1112,0.9863,-0.0437,0.4588,0.4367,0.6747,0.7058,-0.3129,-0.1019,0.1893,-0.3966,-0.4435,-0.1115,-0.3134,0.0288,-0.6794,-0.1991,-0.7997,-0.3297,0.1126,-0.0633,-0.4651,-0.2526,-0.3004,0.1428,-0.639,-1.0297,-0.7037,-0.2563,-0.291,-0.0202,-0.4284,-0.3779,-0.0872,0.1157,-0.2105,-0.2211,-0.4729,-0.3083,-0.457,-0.0389,-0.6405,-0.1615,-0.0629,-0.1347,-0.2653,-0.7358,-0.8447,-0.152,0.0601,-0.5333,0.0057,-0.4293,-0.3506,-0.1363,-0.2483,0.164,-0.3777,-0.5682,0.2497,-0.1573,-0.0267,-0.0854,0.2402,0.3999,-0.1569,0.0133,-0.3,0.057,0.2253,0.0855,-0.0065,0.0766,-0.0785,-0.0808,-0.0727,-0.1631,0.191,0.5085,-0.1856,-0.0082,-0.1076,0.0249,-0.2789,-0.0727,-0.3383,-0.3363,0.0063,-0.1428,-0.2513,-0.1686,0.4629,0.051,0.2597,0.0791,0.4083,0.5664,0.7956,0.3302,-0.3376,0.1921,-0.5692,-0.15,-0.0513,0.0703,-0.7221,-0.7417,0.481,-0.3623,0.4062,0.6716,0.2113,0.0336,0.494,0.6818,-0.7295,-0.1048,0.3691,0.0759,1.0181,0.0029,0.2716,0.1861,0.0687,0.6533,0.2938,-0.5456,0.3121,0.8017,0.0401,0.0312,-0.8835,0.2294,-0.0943,0.2217,0.7512,0.1408,0.3119,0.0875,0.1242,0.2151,0.3578,-0.067,0.2586,0.923,0.338,-0.1363,0.2756
positive42-2.txt_gi|149287112|gb|ABR23455.1|,0.1853,-0.1893,-0.2724,0.2729,-0.3351,-0.3993,-0.2723,0.0189,-0.2056,0.4152,0.3837,-0.5288,0.1925,-0.1593,-0.1128,-0.0504,-0.0104,-0.1723,-0.3503,0.397,0.0773,-0.0388,0.4643,0.0081,0.3422,-0.1295,0.2317,0.1199,-0.0766,0.5723,0.251,-0.0204,0.1461,0.2181,0.7482,0.3909,0.5251,-0.2784,-0.1386,0.3411,-0.0261,0.2486,0.2794,0.3645,-0.0385,0.7133,0.5695,0.2465,0.2398,0.0529,0.1401,0.4471,-0.1109,0.2104,-0.2133,-0.0268,0.0409,-0.2027,-0.2635,-0.1126,-0.2049,0.2959,0.228,-0.4205,-0.5211,0.2804,0.0337,0.7382,-0.199,0.0966,0.1343,0.1499,0.0109,0.4099,0.2455,0.28,-0.2667,-0.0103,0.2571,-0.2186,-0.3185,0.2052,-0.1276,-0.1917,-0.4695,-0.0726,-0.0418,-1.3645,-0.251,-0.6094,-0.9978,-0.037,-0.5024,0.0733,-0.193,-0.6065,-0.1731,-0.2814,-0.2515,-0.3451,-0.1973,0.0743,0.2169,-0.6931,-0.578,-0.0765,-0.4615,-0.7776,-0.3243,0.1049,-0.243,0.0064,-0.1477,-0.1735,0.2323,-0.0643,-0.0715,-0.2282,-0.6209,0.2242,0.1646,0.0769,0.2337,-0.1145,-0.0916,0.0039,0.3742,-0.1001,0.5232,0.3433,0.1927,0.2594,0.0684,-0.0151,-0.1014,-0.2329,0.0459,-0.2662,-0.2025,0.5305,-0.0174,-0.3488,0.0844,-0.0441,0.8983,-0.3105,0.1364,0.6484,-0.3146,0.0448,0.0628,-0.4692,0.1953,0.596,0.5597,-0.039,0.2404,0.1715,0.5763,-0.0454,0.1479,0.0017,-0.1044,-0.2344,-0.1989,-0.0798,-0.2956,-0.4074,0.1175,0.2168,-0.1904,0.1388,0.1611,0.2556,-0.0475,0.1559,0.4044,0.5517,0.5083,0.3165,0.2891,-0.1635,0.5895,0.579,0.589,-0.2644,0.5987,1.2885,0.2155,0.9696,0.749,-0.3074,0.2602,0.0349,0.6195,0.1167,0.1209,0.0319,-0.1711,0.7943
positive42-2.txt_gi|149287084|gb|ABR23441.1|,0.2231,0.117,0.7326,0.5937,0.8778,0.1098,0.3702,-0.7588,0.0967,-0.1412,-0.0267,0.3145,0.0197,0.3268,-0.1067,0.0437,-0.274,0.1152,-0.0487,0.0195,-0.1094,-0.1373,-0.3523,-0.4728,-0.8566,-0.0627,-0.7821,0.1397,0.1246,0.1851,-0.0769,0.0313,0.0239,0.0676,0.0257,-0.3241,-0.1387,-0.1917,0.5153,0.0542,-0.1837,0.162,-0.3636,0.0292,-0.2187,0.0323,0.241,-0.765,-0.1756,-0.1063,-0.0038,0.3828,0.129,-0.4747,-0.2539,0.0486,0.2177,-0.1434,-0.6338,0.0198,-0.0907,0.3139,-0.1653,-0.1561,-0.1977,0.0132,0.0705,0.9101,0.0947,0.5325,0.5518,0.2509,0.1696,-0.0189,0.5334,-0.0294,-0.2076,-0.1322,0.3538,0.4348,0.0781,-0.2979,-0.1164,-0.3558,-0.113,-0.4124,-0.5142,-0.2999,-0.1588,-0.1828,-0.1323,-0.2319,-0.0078,-0.3892,-0.1047,0.0766,-0.2909,-0.3641,-0.2982,-0.0373,-0.0641,0.0568,0.0797,0.2237,0.3718,0.2278,0.4358,0.283,0.3948,0.115,0.1278,0.2485,0.011,0.4787,0.6006,-0.0939,0.1903,0.3838,0.4139,-0.0812,0.1958,0.0442,-0.0508,-0.6061,-0.118,-0.0759,-0.2833,-0.4471,0.0719,-0.4825,-0.4691,-0.145,-0.1162,-0.552,-0.3543,-0.1192,0.2417,-0.3568,-0.5022,-0.2282,-0.1305,-0.5234,-0.1765,-0.2712,-0.326,-0.498,-0.6181,0.1829,-0.1469,-0.465,-0.0854,-0.6062,-0.0945,-0.1905,0.1326,-0.106,-0.0872,0.0532,0.038,-0.6329,-0.0444,-0.0398,0.3996,0.6566,0.1754,0.0502,0.4553,-0.0697,0.025,-0.0464,0.193,0.188,0.0736,0.158,-0.0246,0.0074,-0.0117,-0.1594,-0.0616,-0.0765,-0.1941,-0.0597,0.2666,0.1218,-0.2164,0.1677,0.3841,1.0685,0.1499,0.6849,0.913,0.0432,0.3288,0.0588,0.412,0.2699,0.0674,0.0623,-0.0744,0.1854
positive42-2.txt_gi|114153056|gb|ABI52694.1|,0.2204,-0.1068,-0.315,-0.8147,0.4041,-0.1614,-0.694,0.576,0.0039,0.1572,7.00E-04,-0.2341,0.4171,0.0733,0.3698,0.0659,0.1184,-0.3079,0.0665,0.0612,0.1663,-0.2505,0.6248,0.5955,-0.162,-0.0893,-0.1124,-0.1296,-0.245,0.3125,0.1936,0.0992,0.1954,0.4297,0.2617,0.2295,0.0391,-0.0997,-0.1388,0.3867,0.6458,0.4311,0.1028,1.0267,0.2474,0.7119,0.1649,-0.5938,0.4197,0.2344,0.5697,0.5231,0.6705,0.1684,0.8091,-0.3514,-0.3365,0.425,0.2345,0.4597,0.5207,-2.00E-04,-0.0729,-0.6749,-0.5406,-0.4981,-0.1324,-0.262,-0.0829,-0.4274,-0.6891,-0.3392,-0.0407,-0.2116,-0.0966,0.114,0.5231,-0.608,-0.3328,-0.2494,0.1478,-0.1325,-0.4715,0.5149,0.1287,-0.2134,0.4627,-0.4351,-0.0502,0.2383,-0.185,-0.0788,-0.0117,-0.1622,-0.4303,-0.4048,0.0683,0.105,-0.7222,0.2349,0.1086,0.1488,-0.0227,-0.5281,-0.289,-0.0164,-0.1646,-0.7407,-0.0204,-0.2498,0.1075,0.1183,0.1824,-0.6695,-0.2989,-0.2317,-0.0532,-0.6618,-0.9355,-0.152,0.0787,-0.3484,-0.0598,-0.5116,-0.2886,-0.6077,-0.2035,-0.2264,-0.4787,0.3069,0.0601,-0.2372,0.1006,-0.3323,-0.2332,0.123,0.1955,-0.3488,-0.6409,0.2889,0.2414,0.3839,-0.0974,0.6892,0.7579,0.3151,0.2882,0.0847,0.3056,0.0281,-0.2556,0.4528,0.1548,-0.1004,-0.1965,-0.1636,-0.0886,-0.3416,-0.3452,0.1819,-0.0963,-0.1816,0.0821,-0.2644,0.0871,0.0517,0.2,0.1141,-0.0897,0.0478,0.6803,-0.5932,0.3293,-0.2305,0.0638,0.1292,0.0562,-0.2505,0.0687,-0.0272,0.1845,-0.2252,-0.043,0.208,-0.498,-0.4367,-0.3398,-0.056,-0.0646,0.3294,0.1897,-0.0614,0.1325,-0.1589,0.8462,0.0092,-0.0657,-0.2789,-0.5787,0.3351
positive42-2.txt_gi|114153282|gb|ABI52807.1|,-0.1117,0.3754,0.6007,-0.2844,0.4143,0.1578,0.1289,1.2068,0.3137,0.5179,0.4695,0.1478,0.2084,0.1356,-0.0462,0.152,0.1897,-0.6129,-0.8268,0.3394,-0.0157,0.3231,-0.3704,-0.7879,-0.662,0.0755,-0.2888,0.2298,-0.132,-0.0334,-0.0082,-0.0108,0.1855,0.2891,0.018,4.00E-04,0.4447,0.194,0.3167,0.3419,-0.0083,0.3792,0.4464,0.5629,-0.3536,0.2565,-0.0697,0.4703,0.1793,0.0789,0.0936,0.7611,0.2454,-0.0751,-0.3077,0.1555,0.1136,0.676,0.5039,0.3604,0.06,-0.3481,-0.1292,-0.8575,-0.5515,0.246,0.1475,0.5095,-0.4194,-0.1433,-0.0112,-0.3951,-0.077,-1.115,-0.2722,-0.1403,-0.0504,-1.0173,-2.1224,-0.1288,-0.0857,0.532,-0.2355,-0.9079,-0.1335,0.0756,-0.585,0.6555,-0.4221,-0.0301,0.0587,-0.0711,0.091,0.0936,-0.2868,-0.0849,-0.9434,0.3113,-0.4722,-0.299,0.0621,0.8329,-0.214,-0.5408,-0.7091,0.3006,0.3801,0.183,-0.4174,-0.3475,-0.307,0.9927,-0.1958,-0.2705,-0.1996,-0.0908,0.0526,-0.2867,-0.948,-0.429,0.115,0.077,-1.3936,0.6158,0.096,0.4084,1.2525,-0.4972,-0.4198,-0.3456,-0.4311,0.0839,0.1016,-0.9626,-0.1024,-0.0463,0.0107,-0.6214,-0.5002,-0.9198,-0.1806,0.624,-0.3753,-0.3163,0.8831,0.1056,-0.0334,-0.0238,-0.1865,-0.086,-0.2544,0.281,-0.2794,-0.8382,-0.0443,-0.235,0.3279,-0.2136,0.7842,-0.4611,0.1354,0.2402,-0.0078,0.3657,0.7628,0.0163,0.8313,-0.2338,0.3639,-0.4704,-0.411,0.6238,0.0921,-0.2839,0.0151,0.2566,0.2764,-0.2323,-0.1626,-0.6562,0.2437,-0.2754,0.0465,-0.753,-0.705,0.0192,-0.2977,0.2861,0.3332,0.2319,0.1227,-0.4213,0.2858,1.1867,-0.1406,0.2043,0.9722,1.0293,2.7074,-0.0906
positive42-2.txt_gi|114153198|gb|ABI52765.1|,-0.5411,-0.0472,0.656,-0.0633,0.7415,0.8429,0.1226,0.3597,0.0977,0.3385,0.2975,0.005,0.2236,1.2778,-0.0151,0.2253,-0.2293,-0.2677,-0.2213,0.029,0.2746,-0.0498,-0.3427,-0.7269,-0.3186,0.1482,-0.184,-0.3501,0.0178,0.4762,0.0616,-0.0926,0.1562,0.5932,0.4071,-0.1316,-0.238,0.0292,0.1157,-0.159,-0.0669,0.3411,0.3889,-0.4432,0.5944,0.6304,-0.1992,0.5682,0.0283,-0.2761,-0.0623,0.3999,-0.0113,0.1806,0.0521,-0.0445,0.2217,0.6395,0.2667,-0.127,-0.4435,0.2734,-1.0826,-0.9213,-0.7363,0.6429,0.1749,-0.74,-0.0802,-0.851,-0.9393,-0.1563,-0.5,-0.2979,-0.4434,0.0471,0.0318,-0.8364,-0.3445,-0.8993,0.0674,0.3121,-1.1237,-0.4499,-0.203,0.2327,-0.2388,-0.7975,-0.0384,-0.4337,-0.2155,-0.1663,0.1312,-0.7081,0.131,0.1482,-0.2103,-0.113,-1.6949,-0.1626,-0.0662,-0.0141,-0.6356,-1.0609,-0.2817,0.5912,0.2836,-0.143,-0.1905,-0.9099,-0.4157,0.2702,-0.4565,-0.9772,-0.3531,-0.1026,0.3706,-0.8901,-1.6325,-0.4209,0.0128,0.2938,-0.6946,-0.6327,-0.149,0.2656,0.0783,-0.5136,0.0322,-1.4427,-1.0967,-0.1782,-0.6988,-1.432,-0.3035,-0.027,-0.1333,-0.9001,-0.2672,-1.6243,0.189,0.3133,0.2255,0.0277,0.093,-0.083,-0.658,-0.3045,-0.0314,-0.5307,-0.0527,0.0892,-0.1777,-0.2454,-0.2801,-0.196,0.0845,-0.4627,0.2174,-0.0447,-0.0261,-0.1775,0.3842,-0.6111,-0.2747,-0.2927,-0.8531,-0.3479,-0.0332,-0.49,-0.1427,-0.371,-0.0292,-0.4474,-0.1753,0.491,0.7447,-0.6054,-0.5789,-0.9228,0.2462,-0.1195,0.8515,0.0592,-0.3303,0.052,-0.4779,-0.2733,0.0942,0.2152,0.1599,-0.4965,0.2204,-0.1308,-0.4326,0.1098,-0.2335,-0.4804,-0.1947,0.4043
positive42-2.txt_gi|114153166|gb|ABI52749.1|,0.0464,0.0477,0.5521,-0.0068,0.3018,0.7379,0.1513,0.2577,0.0696,0.3795,-0.1108,0.4329,-0.0156,-0.0208,-0.0863,0.3474,0.6238,-0.371,-0.256,-0.0077,-0.0252,0.0429,-0.2883,-0.3858,-0.07,0.6504,0.4046,-0.0355,-0.0622,-0.2358,-0.1576,0.1781,0.0516,0.0044,0.4892,-0.0343,0.1963,-0.4544,0.2036,-0.3109,0.1762,0.5245,-0.3582,-0.1897,-0.1148,0.6845,0.0617,-0.1186,0.025,0.1907,-0.0272,0.4455,-0.1656,-0.0728,0.519,0.0525,-0.1157,-0.0341,-0.2796,0.2264,0.0157,0.2523,0.1272,0.0675,-0.1634,0.1741,-0.0247,-0.6134,-0.0813,-0.4934,-0.49,0.2691,-0.3768,-0.2965,-0.0879,-0.0663,0.0648,-0.4396,-0.0046,-0.3648,0.1638,0.5386,-0.3306,-0.7687,-0.5643,0.0911,-0.7994,-0.0308,-0.3003,-0.8103,-0.6287,0.7774,-0.3434,-0.0719,0.5962,0.0841,-0.2175,1.3199,-0.2977,-0.5604,0.1318,0.326,0.0155,-0.1685,-0.5846,0.0623,-0.0871,-0.6395,-0.1748,-0.5385,-0.5793,-0.1878,-0.4516,0.086,-0.3724,0.1358,0.498,-0.5638,-0.3643,-0.307,-0.1239,0.072,0.2763,-0.3608,0.0229,-0.0744,-0.2681,0.0227,-0.1367,-0.4935,-0.2482,-0.147,-0.2476,-0.456,0.4498,-0.0459,0.0848,0.5379,-0.5642,-0.4724,-0.0128,0.1172,0.4443,0.5264,0.4885,0.0817,0.1355,-0.1376,-0.2896,-0.2026,-0.1282,0.0298,-0.1901,0.0705,0.8025,0.05,0.3764,0.3163,-0.2258,-0.0405,-0.1311,0.3816,0.6039,-0.5408,0.655,-0.1427,-0.6652,0.2542,0.2005,0.0896,-0.0414,-0.0716,0.0488,0.0907,-0.3936,-0.0766,-0.0195,-0.2545,0.557,0.3483,-0.0476,-0.6985,-0.7142,-0.5292,-0.5747,-0.1504,-0.2196,0.7538,0.1411,-0.3433,-0.0023,-0.7481,0.1408,-0.4541,0.4355,-0.2195,-0.4611,-1.0564,-0.7146,-0.3256
positive42-2.txt_gi|114153124|gb|ABI52728.1|,0.2803,0.0053,0.83,0.9267,0.7783,-0.0665,0.076,0.4938,0.1736,0.2669,0.3466,0.1991,0.2454,0.3142,0.6572,0.1767,0.1078,0.0441,0.3889,0.1551,-0.1436,-0.8727,-0.425,-0.0295,-0.3903,-0.1435,0.0962,0.1834,-0.001,-0.2747,0.1208,-0.3841,0.0456,0.7315,-0.1451,0.1212,-0.0417,0.0373,0.1899,-0.4808,-0.1106,-0.0472,0.013,-0.5348,-1.0179,-0.4696,-0.997,-0.0149,0.3548,-0.7863,-0.8023,-0.6567,-0.3475,-0.4509,-0.1047,0.183,0.222,-0.0096,0.0836,-0.5058,-0.2513,-0.0885,-0.9432,-0.5401,-0.6706,0.3255,-0.3959,0.0603,-0.2076,-0.279,-0.4596,-0.363,-0.1438,-0.4906,-0.269,-0.151,-0.033,-0.3567,-0.5547,-0.1898,-0.1686,0.1816,0.7209,-0.1313,-0.6309,-0.0119,0.037,0.0297,0.1343,0.3903,0.2745,0.131,0.0493,-0.631,-0.2204,0.0388,0.05,-0.3074,-0.5385,0.3884,0.0887,0.0959,0.6761,0.396,-0.4926,-0.2933,0.1878,-0.374,-0.1055,-0.6037,-0.528,0.4524,-0.1889,-0.0529,-0.4798,-0.2758,-0.1538,0.2879,0.1113,-0.3746,0.0041,-0.4256,-0.8283,-0.2848,0.0058,-0.3665,0.4975,-0.1301,0.3394,0.1952,0.0437,-0.7592,0.088,-0.7791,0.0228,-0.252,-0.0073,-0.2253,-0.2347,0.3816,-0.0038,-0.6093,-0.3908,0.0537,1.0787,-0.049,0.0426,0.0044,-0.4021,0.1012,0.0244,-0.6759,0.0612,-0.2892,0.0352,0.0266,-0.1225,-0.1929,-0.2849,0.0484,0.0128,-0.1533,-0.0088,-0.1952,0.3865,-0.0074,0.2877,0.0959,-0.3378,-0.6282,-0.4861,-0.4373,-0.347,0.7847,-0.3723,0.2726,0.354,-0.0378,1.0613,-0.6605,-0.2628,0.1245,-0.3869,0.2826,-0.7954,-0.215,-0.3016,-0.202,0.817,0.3811,0.3117,0.1157,0.1466,-0.2,-0.1925,0.1878,-0.255,-0.2656,-0.1578,0.0646
positive42-2.txt_gi|114153090|gb|ABI52711.1|,0.2067,0.2093,-0.1129,0.221,0.0639,0.5167,0.1838,-0.5189,0.0812,-0.3607,-0.3195,0.4772,-0.2173,-0.0412,-0.4817,-0.0596,-0.1093,-0.1776,0.087,-0.209,-0.2122,-0.7062,0.4034,0.2186,-0.5184,-0.3269,-0.4349,-0.1878,-0.3758,-0.2051,0.0329,-0.4864,0.1491,0.0838,-0.0323,0.3836,-0.0694,-0.2809,0.1285,-0.2593,-0.0662,-0.8984,-0.5435,-0.8634,-0.8859,-0.6279,-0.8911,-0.5566,-0.1331,-0.825,-0.7448,-0.9954,-0.403,-0.8322,0.7113,-0.7035,-0.04,-0.1772,-0.2495,-0.3158,0.1635,-0.0681,0.5585,-0.3181,-0.8687,0.2355,-0.2111,0.4829,0.1492,0.5227,0.2359,0.0689,-0.0594,0.2541,0.1056,-0.1378,-0.0045,-0.1852,0.1487,0.5312,-0.2067,-0.3576,-1.1205,-0.0077,0.0389,-0.3293,-0.1346,-0.5622,-0.1316,-0.4897,-0.6986,-0.6324,-0.3668,-0.5687,-0.1978,-0.8254,-0.3131,-0.0671,0.0188,-0.1294,-0.4652,-0.3012,0.0659,0.0528,-0.5994,-0.1048,-0.1051,-0.022,-0.6133,-0.5935,-0.6559,-0.3658,-0.2234,-0.8377,-0.4577,0.3324,0.2378,-0.5417,-0.8136,-0.45,0.3154,0.7138,-0.2626,-0.5829,-0.5321,-0.7123,-1.0611,-0.2847,-0.0092,-0.5584,-0.9173,-1.0339,-0.0071,-0.8283,-0.5466,-0.4142,-0.2161,0.2677,0.0024,-0.1682,0.1855,0.5467,-0.1495,0.4492,0.7495,-0.1599,0.4134,0.0833,-0.2286,-0.4331,-0.4232,0.4998,-0.2441,-0.2886,0.1874,0.2783,0.4562,0.4246,-0.2746,-0.2906,0.0392,-0.5547,-0.2453,-0.0419,0.7162,-0.2084,0.0398,-0.1835,-0.3458,1.1475,1.1307,0.0135,0.5422,-0.575,-0.1155,0.0442,-0.0897,-0.4334,-0.6185,0.5523,-0.1244,-1.14,-0.7565,-0.2293,-1.1978,0.13,0.4615,-0.5891,0.8296,-0.0223,-0.0429,0.1078,0.0921,-0.8537,0.1654,0.0656,-0.1599,-0.3692,-0.4417,0.0145
positive42-2.txt_gi|114152960|gb|ABI52646.1|,0.0683,0.0565,0.5984,0.2939,-0.1465,0.0706,-0.0115,0.0122,0.4291,0.5846,0.3689,-0.0373,0.1487,0.2501,0.4898,0.2073,0.1544,0.3452,0.0928,0.4438,0.0182,0.0015,0.1246,0.1129,0.3105,-0.0955,-0.1497,0.082,0.0461,-0.026,0.0944,-0.2862,-0.0662,0.1003,0.1047,0.0478,0.1574,-0.3656,0.2925,-0.1499,0.012,-0.009,-0.34,0.3899,0.0433,0.1831,0.2166,-0.1128,0.0636,0.0061,-0.0182,0.1848,0.021,-0.6024,0.2684,-0.4192,0.1638,-0.4338,-0.6276,0.0154,-0.1994,-0.1695,-0.2379,-0.4426,-0.013,-0.1725,0.0099,-0.1177,0.0814,0.1325,0.2706,-0.0831,0.0556,0.3523,0.4437,-0.4381,-0.0693,-0.1404,0.0779,-0.1183,0.2242,-0.0109,-0.8154,0.1244,-0.0715,-0.1351,-0.1941,-0.3153,-0.2265,-0.4707,-0.2592,-0.1352,-0.1252,-0.2532,0.1908,-0.3278,-0.4616,0.4145,-0.0287,-0.2543,-0.3814,0.1148,0.2908,-0.092,-0.69,0.0027,0.0861,-0.4053,-0.2595,-0.4246,-0.1407,0.1009,-0.0844,0.7941,0.357,-0.6059,-0.424,0.8635,0.5646,-0.2273,0.1266,0.2639,-0.588,-0.4495,-0.5279,-0.2366,-0.1351,-0.0164,0.104,-0.1117,-0.1164,-0.0179,0.0047,-0.4433,-0.2071,-0.2514,-0.2954,0.0109,-0.5624,0.1464,0.1822,0.1526,-0.685,-0.3402,0.6497,0.1422,0.2058,-0.0829,0.0325,0.0683,-0.0186,0.1645,-0.0961,0.3007,0.0558,-0.0293,-0.2221,-0.5145,0.6804,0.0789,0.0153,0.3841,-0.375,-0.6077,-0.1138,-0.124,-0.3403,-0.1947,0.0118,-0.3794,-0.4683,-0.0304,-0.1912,-0.618,-0.3767,-0.1729,-0.2518,-0.523,-0.5856,-0.3279,0.0352,-0.1382,-0.2059,-0.0761,-0.0711,-0.3182,-0.3834,-0.3159,-0.1882,-0.071,0.0289,-0.239,0.0468,-0.0075,-0.1925,-0.1564,0.2265,-0.1327,-0.0224,-0.0567
positive42-2.txt_gi|114152958|gb|ABI52645.1|,-0.0095,0.1863,0.4059,0.5653,-0.2413,0.2445,0.1482,-0.0727,0.3053,0.447,0.2849,0.0386,0.1891,0.4262,0.4827,0.2352,-0.1109,0.3469,0.1297,0.1931,-0.0321,-0.0226,0.4719,0.2473,0.3753,-0.0865,0.0163,0.0363,0.1869,-0.1366,0.0819,-0.2099,-0.092,0.1174,0.1473,0.1809,0.4453,-0.2368,0.3906,-0.2249,-0.1606,0.0052,0.0091,0.185,-0.1136,0.231,0.3392,-0.1207,-0.028,-0.0223,-0.0816,0.1783,-0.0166,-0.4013,0.2174,-0.4354,-0.2078,-0.3315,-0.5397,-0.0603,-0.2937,-0.38,-0.6226,-0.3432,-0.0201,-0.2872,-0.1129,0.0197,0.006,0.121,0.2688,-0.0956,0.0626,0.3018,0.4649,-0.2868,0.1098,-0.2391,0.1435,-0.0994,0.1344,-0.0897,-0.8251,0.1206,-0.0876,-0.0719,-0.0539,-0.2836,-0.3191,-0.5162,-0.3796,-0.1205,-0.1637,-0.2937,0.2119,-0.5127,-0.5577,0.2869,-0.3225,-0.348,-0.4835,0.1869,0.3563,-0.0374,-0.5761,-0.1491,0.046,-0.5006,-0.2678,-0.4419,-0.0516,0.1494,-0.0038,0.5954,0.2713,-0.4925,-0.4476,0.8824,0.2638,-0.1179,0.1162,0.3017,-0.7255,-0.3942,-0.5099,-0.1622,-0.1471,-0.1585,0.0902,-0.1521,-0.1182,-0.1055,-1.00E-04,-0.3982,-0.2189,-0.1998,-0.2852,0.0249,-0.5123,0.0688,0.1883,0.4523,-0.4443,-0.4313,0.5993,0.1193,-0.0751,-0.1945,-0.0441,-0.0119,-0.0478,0.059,-0.0889,0.2262,-0.0128,-0.3319,-0.458,-0.4542,0.3825,-0.0218,-0.0058,0.7136,-0.3841,-0.5242,-0.0555,0.381,-0.2265,-0.306,-0.0248,-0.3616,-0.4383,0.2368,-0.0449,-0.4747,-0.3883,0.0515,-0.0985,-0.5427,-0.6208,-0.2907,-0.0999,-0.0566,-0.3925,-0.285,-0.0184,-0.2618,-0.3269,-0.2601,-0.2076,-0.1388,-0.0153,-0.2191,0.0442,-0.2159,-0.2331,-0.0983,0.0686,-0.3717,-0.0923,-0.0701
positive42-2.txt_gi|1575778|gb|AAC48691.1|,0.6164,-0.1262,1.0359,2.027,0.0919,0.1882,0.912,0.2437,0.8249,0.4884,0.859,0.3744,0.6841,1.4239,1.2384,-0.4146,-0.6009,-0.5465,1.8601,0.5538,0.9332,0.7571,0.7691,1.7096,1.2015,0.8428,-0.174,0.6719,1.1172,0.8938,1.519,0.8745,1.2198,1.0178,2.0508,0.5619,1.0238,0.5556,1.0283,0.9403,0.1088,-0.109,0.2863,-0.0486,0.5643,0.853,1.4346,-0.4785,1.301,-0.0291,-0.2256,-0.1015,-0.5009,0.3363,0.2709,-0.2446,-0.3425,-0.1946,1.4192,0.6144,0.3771,0.6086,-0.6402,0.1005,1.2446,0.2241,0.9219,-0.2326,0.6424,-0.0763,0.3514,0.5333,0.3623,-1.3436,0.9414,-0.0762,0.3287,-0.0198,1.3045,-0.8188,-0.1802,-0.2252,0.7156,-0.2325,-0.5412,0.3956,0.2937,-1.1771,0.496,-0.997,-0.6921,0.0219,-0.9243,-0.3449,0.0896,0.1103,-0.6705,0.3864,-0.4691,-0.4058,-0.2956,0.2205,-0.1334,-1.5995,0.318,0.746,-0.0408,0.2287,0.2485,-0.6052,-0.2845,0.7922,-0.5166,-1.0496,-0.3904,-0.3533,-0.036,0.3301,-0.6359,-1.1982,0.1566,-0.4845,-0.4751,-0.3961,0.3787,0.517,0.7499,-0.1338,-0.0379,-0.6907,-0.2055,0.0576,-0.0368,-1.8892,-0.248,0.0498,-0.2012,-0.3222,-0.7286,-0.8049,0.2764,0.1523,0.3087,-1.0836,-0.1901,-0.1001,-0.9278,-0.6386,-0.3659,-0.0672,-0.2453,0.6244,-0.4297,-1.6973,-0.152,-0.061,-0.1216,-0.4459,-0.4092,-0.558,0.2633,0.2143,-0.3447,-0.7117,-0.2386,-0.4994,-0.9703,0.033,0.2062,-0.5435,-0.1935,0.1438,-0.323,-1.1822,-0.6886,-0.2412,0.231,0.2594,-0.1365,-0.9879,0.0506,0.1823,-0.2949,-0.4173,-0.0581,-0.4741,0.4759,-0.0585,-0.1979,0.8045,0.8378,0.0517,-0.4907,0.5805,-0.7215,0.2546,-0.0419,-1.2778,0.5592,0.2323
positive42-2.txt_gi|131649|sp|P08938.1|PURP_CHICK,0.7922,0.0599,0.5337,0.5709,-0.5463,0.0551,0.1653,0.7402,0.3047,0.9193,1.3025,0.5847,-0.1076,-0.2786,1.2045,-0.1764,-0.196,0.5167,-0.7183,0.9384,0.1559,0.623,0.7323,0.8844,0.9031,0.1948,0.1208,0.2177,-0.0154,0.0257,0.3428,0.8389,0.2642,0.2846,1.3705,0.1312,0.1629,0.4923,0.0219,0.0978,-0.0843,0.5274,0.3572,-0.84,-0.1376,0.3303,0.4732,0.5705,-0.0623,-0.5221,-0.0672,0.5146,-0.0835,-0.8666,0.3515,0.0626,0.024,-0.6516,0.4803,-0.1091,0.1513,0.1407,-0.5502,-0.442,0.655,0.91,0.366,0.4114,-0.2925,-0.7033,-0.1326,0.3963,-0.0025,-0.4948,0.8487,0.1351,-0.0339,-0.2656,0.2608,-1.0003,0.3754,-0.978,0.2328,0.3476,-0.5238,-0.1929,0.6412,0.3903,-0.0697,-0.8628,-0.1863,-0.0909,0.1139,0.6122,0.2457,-0.4095,0.1619,-0.5327,1.4984,-0.388,0.6334,0.083,-0.0777,-0.8735,0.4667,0.1115,-0.0654,0.1163,0.3403,0.1603,0.4021,0.3979,0.3421,-0.0467,0.5264,0.2422,0.1545,-0.2368,-0.1408,0.8996,0.2856,-0.3279,-0.2822,-0.69,0.1558,0.2119,-0.215,0.0512,0.5559,-0.2606,0.1293,0.5068,0.1464,-0.6013,-0.6033,-0.2558,0.3853,1.0172,0.3049,-0.5501,-0.5673,-0.3178,0.5016,0.0651,0.2112,-0.0534,-0.0414,0.7193,-0.6052,0.4257,1.0302,0.1231,0.2985,-0.013,-0.2444,-0.2145,0.1664,0.7527,-0.1503,0.4525,0.4093,0.3053,0.0307,0.0714,0.7858,-0.487,0.0482,0.9347,0.0749,-0.0144,0.6479,0.3354,-0.1915,0.5978,-0.6578,-0.4796,0.2916,0.8543,1.5087,-0.4431,0.2612,0.5361,-0.0959,-0.022,-0.7194,-0.3236,0.0312,-0.4461,-0.119,0.4118,0.2236,0.1392,-0.0966,1.6503,-0.71,0.2997,0.3954,0.8038,1.1261,-0.6229
positive42-2.txt_gi|125905|sp|P21664.1|LACB2_FELCA,0.4408,-0.3281,0.7007,0.8936,-0.2647,-0.0617,0.3939,1.2323,0.2464,0.8863,0.4437,-0.3478,0.2994,1.2161,1.2471,0.0677,-0.8501,-0.1718,1.2723,0.7263,-0.0092,0.787,1.2013,1.7673,0.3066,0.7453,-0.11,0.2328,0.3308,0.0637,0.8134,0.5854,1.253,0.4816,1.0567,0.3291,1.0037,0.3074,0.693,0.184,-0.1351,-0.1119,-0.1574,-0.9119,-0.4586,-0.206,-0.012,-0.0294,0.1328,0.1915,-0.9497,-0.5812,-0.6578,0.3155,-0.0496,-0.2691,-0.6176,0.3937,1.9017,0.2034,0.0251,0.7858,-1.5053,-0.7618,0.2431,0.4781,0.1681,-0.3701,0.8796,-1.0185,-0.9484,0.4058,-0.0717,-1.2627,0.5019,-0.2391,-0.0213,-0.4246,0.9592,-0.5301,-0.1964,-0.6327,-0.6571,-1.3999,-0.2462,-1.2532,-0.59,-1.601,1.2024,-1.194,-1.4065,-0.0581,-0.666,-1.6584,-0.0854,-0.0568,-0.715,0.3413,-0.7101,-0.1523,-0.8697,0.0254,-1.4222,-2.0985,-0.7202,0.9299,-0.0521,-0.8431,1.1853,-1.0754,-1.363,0.1594,-1.075,-1.1243,-1.3492,-0.503,-0.1482,0.6067,-0.0032,-1.039,0.0325,-0.0129,-0.714,-1.4403,0.0934,-0.1734,-0.1747,-0.2659,-0.409,-1.5278,-0.8535,-0.0137,-0.5819,-2.2513,-1.0878,0.0772,0.1654,0.7345,-1.0052,-1.1677,0.239,-0.7433,-0.3515,-2.5379,-0.7483,-0.1491,-1.6973,0.1382,-0.7504,-0.674,-0.1884,0.4535,-0.3032,-2.1389,-0.9409,0.2389,0.0041,-0.9354,-1.1194,-1.5879,-0.072,-0.2673,-0.1523,-1.2335,-0.0776,-0.7149,-1.0521,0.3982,-0.0533,-0.1257,-0.2884,-0.9208,-0.461,-1.1536,-1.0538,-0.084,0.215,-0.0203,0.2624,-0.6884,-0.294,0.06,0.0912,0.138,-0.4857,-0.1247,0.8704,-0.082,1.0991,0.3053,0.7121,0.2933,0.3731,0.3078,-0.2952,-0.17,0.0973,-1.5239,-0.2808,0.1439
positive42-2.txt_gi|182093|gb|AAA35802.1|,-0.2405,-0.5992,0.1632,0.315,-0.4874,-0.6085,0.5938,1.2027,0.0878,0.5403,0.2263,-0.0529,0.6359,0.9972,-0.239,-0.3824,-0.647,0.1346,1.6994,-0.42,-0.0681,0.6282,0.573,2.1305,-0.1394,0.3592,0.0727,0.0401,0.2456,0.5433,1.1121,0.06,0.9786,1.0227,1.9525,0.4235,0.1407,-0.0297,0.9214,0.2883,0.3776,0.0435,-0.4028,-0.3832,0.0173,-1.00E-04,-0.0098,0.1432,0.7175,-0.2326,-0.2445,0.2483,0.2994,0.1895,-0.2949,-0.0892,-0.5384,0.1329,1.8526,-0.0452,0.0308,0.8695,-0.5862,0.5747,-0.0151,0.7218,0.8324,-0.0964,0.8168,-0.8254,-0.1043,0.3096,-0.8963,-0.5197,-0.0381,-0.106,0.3186,-0.1569,0.869,-0.5975,-0.0067,0.1044,-0.2325,-0.9169,-0.2258,-0.9248,-0.5125,-1.135,0.5251,-0.3427,-1.1161,-0.2254,-1.1772,-1.6157,0.4022,0.3532,-0.7165,-0.3982,0.0834,0.5093,-0.606,-0.3856,-1.0255,-1.2306,-0.4109,0.5215,-0.1852,-0.5327,0.0652,-0.7533,-0.5244,0.02,-1.6713,-2.0677,-1.3435,-0.6816,-0.402,-0.3821,0.1888,-1.1716,0.6926,-0.1228,-0.6826,-0.8443,0.342,0.1764,-0.0436,-0.6609,-0.3103,-0.4755,-0.3442,0.2243,-1.3894,-1.2716,-0.5767,-0.3452,-0.131,-0.1222,-0.0191,-0.2585,-0.0285,-0.0609,0.2108,-1.8639,-0.3225,-0.268,-1.0993,-0.5707,-0.4486,-1.0474,-0.6113,0.1517,-1.2115,-1.8361,-1.3988,0.0416,0.1116,-0.1573,-0.3681,-1.1534,0.1572,-0.1833,-0.7322,-0.1256,-0.3979,-0.2083,-0.5449,-0.3385,0.3776,-0.1154,-1.0997,-1.1723,-0.4428,-1.2781,-0.6021,-0.3039,-0.4042,0.0875,-0.4165,-0.1546,-0.2124,-0.0634,0.014,-0.6879,-0.258,0.0102,0.626,-0.8529,-0.3367,0.495,0.4617,0.7217,0.5344,0.0141,-0.6322,0.433,-0.0385,-0.6671,0.4163,0.0271
positive42-2.txt_gi|1575762|gb|AAB09589.1|,0.2134,0.121,-0.2141,0.3947,0.3928,-0.2098,0.0562,0.0655,0.2983,0.2302,-0.2616,-0.0204,-0.0762,-0.5134,-0.1648,-0.0153,-0.2519,0.2699,0.3981,-0.2644,0.1936,0.0078,0.9285,0.8874,0.134,-0.067,0.4988,0.0346,-0.256,0.695,0.2999,0.6491,0.1149,-0.2389,0.212,-0.1492,-0.0282,-0.1301,-0.3376,0.122,0.1686,0.1245,-0.4327,0.4295,0.3413,0.2539,0.1994,0.1993,-0.1436,0.2551,0.291,0.6208,0.2711,0.1357,0.4292,-0.3297,-0.3736,-0.1421,-0.6536,0.1918,0.2578,0.064,0.1315,0.1973,0.1394,0.301,0.0549,-0.2204,0.556,0.1693,-0.0894,0.1144,-0.0517,0.11,-0.2958,0.1529,-0.2466,0.3336,0.7309,0.1986,0.3314,-0.0412,0.0583,-0.3698,0.1807,0.0228,-0.119,0.4651,-4.00E-04,-0.0697,0.411,0.3118,-0.1282,0.5008,0.2129,0.3842,0.2163,0.5244,0.3359,-0.3884,-0.1291,-0.0607,0.4694,-0.6707,-0.5379,-0.1291,-0.0051,-0.4623,-0.2971,-0.25,-0.0739,-0.0299,0.0971,0.3472,0.0263,0.3127,0.124,0.2068,0.1168,-0.256,0.1087,0.1026,0.2495,-0.4982,-0.0346,0.4926,0.1881,-1.5124,0.0226,0.0372,0.0896,0.3066,0.0206,-1.0572,-0.0782,-0.2616,-0.2528,-0.2628,-0.7712,-0.0668,-0.1201,-0.0109,-0.4766,-1.3688,0.2428,-0.0664,-0.3628,-0.3543,-0.2379,-0.6622,-0.4686,-0.4747,-0.1512,-0.1245,-0.3966,-0.346,-0.2668,-0.2497,-0.6974,-0.6559,0.3916,0.2544,0.5141,-0.7594,0.1307,-0.1908,0.0806,0.0132,0.1248,-0.0452,-0.3846,0.5293,-0.0329,0.1592,-0.1525,-0.3282,-0.2127,-0.185,0.177,0.1021,0.0221,-0.0747,-0.3797,-0.3961,-0.4171,0.1925,-0.1759,-0.3347,0.2912,-0.3852,-0.5334,-0.0431,-0.2207,-0.4401,-0.3652,-0.27,-0.3017,0.0367,-0.0162,0.0287
positive42-2.txt_gi|662266|gb|AAA74407.1|,0.2891,0.1869,-0.2739,-0.1511,0.2521,0.0631,0.0904,0.0867,0.2502,0.0034,-0.2923,0.2229,-0.0728,0.1611,-0.1494,0.004,-0.2883,0.3809,0.834,0.12,-0.0059,-0.1474,0.639,0.1406,-0.2686,-0.0813,-0.0545,-0.3774,-0.4695,-0.0022,-0.1982,0.1421,0.0298,-0.6105,0.2428,-0.4511,-0.2064,-0.189,-0.574,-0.0643,0.1788,-0.0867,-0.0968,0.6467,-0.1964,-0.0583,0.3738,0.5857,-0.2176,0.2566,0.4792,0.0045,0.2928,0.5203,-0.0571,0.0072,-0.3095,-0.1053,-0.4385,0.2478,0.1381,0.1617,0.0259,-0.221,0.2312,0.2842,0.2632,-0.1534,0.5921,-0.0407,-0.0696,0.0503,-0.1066,-0.0976,0.1358,-0.0168,-0.1307,-0.0542,0.4184,0.0168,0.3238,0.1918,0.1035,-0.1678,0.3414,0.0983,-0.096,0.5919,0.1852,-0.2694,0.3159,0.3042,-0.1116,-0.1344,-0.2618,0.2123,0.0451,0.4248,0.0122,-0.433,-0.0602,-0.2288,0.1745,0.0205,0.0148,0.0209,-0.0793,-0.1578,-0.1909,-0.4923,-0.3346,-0.054,0.0221,0.0524,0.2024,0.1411,0.4094,0.3512,0.0149,-0.37,0.1573,-0.0757,-0.2268,-0.6634,0.0799,0.028,0.1199,-1.054,0.0391,-0.337,-0.0913,0.1898,0.0385,-0.7644,-0.0305,-0.1964,-0.1756,-0.2485,-0.2905,-0.1544,-0.0718,0.0421,0.0771,-0.0633,-0.0603,-0.0585,-0.2028,-0.0906,-0.0886,-0.3204,-0.4512,-0.3808,-0.1334,-0.4711,-0.2674,-0.1386,-0.261,-0.3641,-0.9391,-0.2313,0.1958,0.1864,0.0167,-1.0946,-0.3636,-0.3418,-0.5109,0.0995,-0.1773,0.0315,-0.1746,0.4318,-0.0382,-0.434,-0.0757,-0.3214,-0.3423,-0.2682,-0.1937,-0.235,0.0379,-0.0791,-0.4357,-0.918,-0.1065,0.2138,-0.2194,-0.3705,0.3068,-0.1428,-0.4789,0.3467,-0.1039,0.0096,-0.1647,-0.3006,-0.4701,-0.2323,0.1192,0.0302
positive42-2.txt_gi|46411093|gb|AAS94228.1|,0.2828,0.192,-0.4093,-0.282,0.261,0.057,-0.0074,0.3702,0.2614,-0.039,-0.4318,0.3528,-0.2071,0.1038,-0.2042,0.0494,-0.3469,0.3897,0.9312,0.0027,0.0315,-0.1645,0.6682,0.563,-0.1556,-0.2837,0.1033,-0.2596,-0.3462,0.0644,0.0246,0.0329,0.1957,-0.0462,-0.0301,-0.3878,-0.1099,-0.2229,-0.1125,0.0743,0.1342,-0.0814,-0.336,0.5026,-0.1266,-0.0291,0.1408,0.2035,-0.2159,0.3402,0.1484,0.2325,0.2404,-0.0184,0.286,-0.0966,-0.6725,-0.1833,-0.814,0.2051,0.2705,0.1233,0.2037,-0.1361,0.1712,0.4183,0.1513,0.1366,0.5888,-0.0839,-0.0366,0.2424,-0.0861,0.5768,-0.2355,0.0376,-0.0978,0.5433,0.982,-0.1753,0.2707,-0.0135,0.0012,-0.1968,0.2667,-0.2037,-0.1372,0.5685,-0.032,-0.1451,0.6186,0.2022,0.039,-0.2722,-0.1339,0.1089,0.0148,0.5098,0.0642,-0.3554,-0.133,-0.1965,0.4927,-0.1517,-0.2247,-0.1157,-0.2093,-0.1761,-0.2126,-0.231,-0.1141,0.0739,0.1583,-0.4345,-0.2005,0.2282,0.498,-0.1798,-0.0889,-0.0719,0.1299,0.1102,-0.0882,-0.3736,0.0266,0.2486,0.3325,-1.1624,-0.0083,-0.2905,-0.0576,0.4797,0.0054,-1.3373,0.037,-0.2343,-0.1322,-0.6063,-1.0887,-0.2745,-0.0513,-0.0149,0.0568,-0.8983,-0.0135,-0.356,-0.2802,-0.2195,-0.1673,-0.2186,-0.3943,-0.6638,-0.1238,-0.4551,-0.366,0.0085,-0.1952,0.1026,-0.5957,-0.284,0.2617,0.0678,0.0501,-1.1799,0.0224,-0.2509,-0.1882,0.2495,0.032,0.5151,0.0348,0.403,0.1116,-0.5163,0.1077,-0.2995,-0.2157,-0.3777,-0.1053,0.5081,0.0024,0.0473,-0.2165,0.0228,-0.2695,0.4272,0.2312,-0.6318,0.2143,-0.3968,-0.4385,0.3065,-0.2352,0.0339,-0.1555,-0.1996,-0.2517,0.055,0.3402,0.0768
positive42-2.txt_gi|33518665|gb|AAQ20815.1|,0.1187,-0.0334,0.1535,0.8103,0.0039,-0.0315,-0.0453,-0.0611,0.4463,0.318,-0.0807,-0.4368,0.1148,-0.2606,0.9162,-0.2553,-0.3499,1.144,0.615,-0.2212,-0.0973,0.0833,0.7585,0.9529,0.1937,-0.369,0.5347,-0.3125,-0.3422,-0.1497,0.0821,0.6217,0.0409,-0.4455,0.7049,-0.3606,0.0806,0.0578,-0.3017,-0.3149,-0.0967,-0.0733,-0.417,-0.4421,-0.056,0.1093,0.6769,0.7547,0.199,-0.0682,0.2807,-0.1116,0.1536,0.1586,1.0219,-0.0902,-0.4244,0.2639,0.201,0.0092,0.15,0.1005,0.0246,0.4711,0.5687,0.2357,0.0241,0.0749,0.3415,0.285,0.14,0.3265,0.216,-0.2414,0.7775,0.2253,0.3287,0.2312,0.4708,0.4215,-0.0971,0.0317,0.328,0.2,0.3922,0.1757,0.1405,0.5226,0.0041,0.0421,-0.1048,0.4141,-0.2253,1.0097,0.0343,0.0772,0.083,0.6537,0.3282,-0.188,-0.1421,-0.1156,0.0762,-0.4887,0.1817,-0.2958,-0.0493,-0.7284,-0.0088,-0.4774,-0.3088,-0.1891,0.0752,-0.009,0.0129,0.0439,0.2642,0.3914,-0.3527,-0.5569,0.3023,-0.1434,-0.9556,-0.4532,-0.0131,0.3189,-0.0213,-0.5103,-0.093,-0.0188,0.3318,0.3446,-0.0385,-0.0954,0.0139,0.0995,-0.3785,0.5058,0.1309,0.1519,0.0302,-0.1048,-0.3112,-0.6897,-0.4453,-0.2606,-0.2509,0.6268,-0.1345,0.2266,0.0606,-0.408,0.1121,0.065,-0.2114,-0.2526,-0.1394,-0.0834,-0.5667,-0.1427,0.0058,-0.2165,0.0284,-0.182,1.2169,-0.0807,0.171,-0.4573,0.209,-0.1237,0.5218,0.0679,0.2868,0.1192,-0.525,-0.1731,-0.4054,0.3025,0.0735,-0.1254,0.1385,-0.0913,-0.0499,-0.2807,0.0056,-0.0481,-0.2155,0.3422,-0.0622,-0.3291,-0.2837,-0.3987,0.0737,0.2123,-0.3355,0.3626,0.5617,-0.0217,0.1046,0.0218
positive42-2.txt_gi|33518659|gb|AAQ20812.1|,0.3809,0.1959,-0.1887,-0.0625,0.2135,0.1602,0.0749,0.2223,0.2211,0.0896,-0.2667,0.169,-0.0985,0.2165,-0.096,0.0445,-0.3258,0.3964,0.8429,0.1503,0.0132,-0.1479,0.5686,0.1271,-0.2586,-0.2228,0.0017,-0.2118,-0.4938,-0.0472,-0.1822,0.0633,0.0674,-0.6326,0.194,-0.3468,-0.1962,-0.193,-0.5651,-0.1265,0.1977,-0.0776,-0.1335,0.4326,-0.1177,-0.0093,0.3526,0.4482,-0.183,0.2602,0.4658,0.1362,0.2668,0.4243,-0.0032,0.0238,-0.3138,-0.0996,-0.4443,0.2638,0.1611,0.1363,0.0873,-0.1838,0.2512,0.1808,0.2577,-0.1782,0.6169,-0.0519,-0.0093,0.0795,-0.1279,-0.0421,0.1062,-0.0448,-0.0459,-0.058,0.4674,0.028,0.2385,0.2108,0.096,-0.0811,0.3564,0.2567,-0.1066,0.5869,0.1161,-0.236,0.2824,0.2593,-0.1082,-0.1278,-0.2618,0.166,-0.0046,0.406,0.0217,-0.4565,-0.0404,-0.2591,0.1571,-0.0364,0,0.0358,-0.0357,-0.2176,-0.2603,-0.4985,-0.3085,-0.0099,-0.0242,0.089,0.1974,0.1295,0.3247,0.3772,-0.0403,-0.3587,0.2494,-0.0879,-0.2336,-0.6348,0.11,0.0389,0.11,-1.1017,0.0795,-0.3734,-0.0486,0.0668,0.0074,-0.713,-0.0205,-0.2167,-0.1964,-0.2174,-0.2695,-0.2024,0.0207,0.08,0.0552,-0.1147,0.0151,-0.1831,-0.1117,-0.2038,-0.078,-0.2566,-0.4787,-0.3234,-0.0893,-0.5502,-0.2624,-0.0232,-0.0105,-0.3529,-0.9934,-0.1689,0.179,0.1334,0.0854,-1.001,-0.3383,-0.3661,-0.3226,0.0866,-0.1311,-0.0174,-0.2123,0.4718,-0.0444,-0.519,-0.0606,-0.3973,-0.1813,-0.2975,-0.2332,-0.202,0.0511,-0.0308,-0.4272,-0.8955,-0.1065,0.098,-0.2746,-0.2869,0.333,-0.1819,-0.4051,0.123,-0.1202,0.036,-0.185,-0.3618,-0.4757,-0.2415,-0.012,-0.0025
positive42-2.txt_gi|3388165|gb|AAC28738.1|,0.2412,0.383,-0.6413,0.1836,0.1974,0.4699,1.1273,0.4863,-0.1661,-0.068,0.4194,0.6708,0.0178,-0.8215,1.5895,-0.0722,0.122,-0.2022,-0.3447,0.6229,0.0792,0.9848,0.8748,0.5287,-0.5668,0.6912,0.754,0.3787,1.0409,0.602,0.1649,0.8256,0.2765,0.9111,0.002,0.1873,0.4016,0.1564,0.33,0.9312,0.0712,0.0866,0.0053,0.5154,0.822,0.4396,1.055,0.4831,0.1095,-0.0379,0.1391,0.6267,0.1192,-0.5154,0.0239,0.2799,-0.1233,-0.9368,-0.4188,-0.0065,-0.0574,0.4444,0.1058,-0.0171,0.8399,0.7733,0.6925,0.4709,0.5685,-0.3258,-0.0798,0.4539,0.0382,-0.0343,0.14,0.1557,0.3808,0.2707,-0.5838,0.159,-0.1391,0.5151,0.088,0.1207,0.1615,0.1707,0.1654,0.6603,-0.3913,-0.1235,0.258,0.2885,-0.176,0.3049,0.0056,-0.1138,0.2174,-0.3058,-0.2433,-0.0303,0.0925,0.1633,-0.2482,-0.5196,0.5413,-0.3052,0.3973,-0.3173,-0.263,-0.3761,0.1708,-0.2913,-0.3876,-0.1797,-0.0851,0.0821,-0.0974,0.8371,0.6707,-0.1764,0.0089,0.5141,-0.3517,-0.0512,-0.0328,-0.011,0.1696,-0.1684,0.051,0.0721,0.1677,-0.8692,-0.0928,0.4432,-0.716,0.0624,0.1257,0.3064,0.0196,0.1834,0.0183,-0.1675,-0.109,-0.0698,-0.5443,0.2105,0.1897,-0.0051,-0.0088,0.1765,0.5329,0.3553,-0.196,-0.2009,-0.4852,-0.0875,-0.2061,-0.1512,0.0579,0.5009,0.0733,0.2836,0.5566,0.9916,-0.1781,-0.1194,0.4146,0.7762,0.4024,0.1305,0.84,-0.1759,0.5206,0.4078,0.2202,-0.14,0.123,-0.1674,-0.1953,0.0994,0.107,-0.4053,-1.2005,-1.1179,0.6332,-0.4034,-0.5909,-0.6737,0.4038,-0.1182,0.513,-0.5648,0.0778,-0.2098,-0.5251,-0.2552,-0.027,-0.6419,-1.2053,0.0483
positive42-2.txt_gi|33518719|gb|AAQ20842.1|,0.1432,0.5463,-0.1028,0.3577,0.8487,0.0932,0.6115,0.7251,0.3395,0.4564,0.0176,0.2682,0.0808,0.022,0.9412,0.2241,-0.6223,0.3897,0.0276,0.5814,0.2492,-0.0245,1.4188,1.2682,0.655,-0.1109,0.9642,-0.0435,-0.2171,0.5054,0.8213,0.6712,0.2436,-0.1788,0.7364,-0.0564,-0.0637,-0.0773,-0.3232,0.2632,0.0607,-0.1896,-0.227,0.5669,0.1452,0.3071,0.5981,0.1118,-0.1305,0.324,-0.3157,-0.0165,0.104,-0.2769,0.3612,-0.1371,0.3922,-0.0467,-0.7264,0.1953,0.2489,0.0111,0.1759,-0.0665,0.5754,-0.1087,0.2334,-0.2605,0.1854,0.105,-0.0293,0.451,-0.0567,0.5208,0.7741,0.2192,-0.1962,0.5117,1.8298,-0.0832,0.4209,0.0064,-0.1531,-0.4224,0.0701,0.2975,0.1662,-0.3757,0.0603,-0.1292,0.0526,0.2163,0.0979,0.6179,0.3674,0.1233,-0.2114,0.6552,0.5746,-0.4526,-0.1178,-0.1851,0.5906,-0.9253,0.0153,0.421,0.1531,-0.887,0.0382,-0.3104,0.1121,-0.0241,0.2636,1.0732,-0.2032,0.1218,0.2189,0.0816,-0.3263,-0.0289,0.1167,-0.1357,-0.043,-1.0129,-0.2775,0.0666,0.0249,-0.9757,-0.1333,0.0972,-0.1823,0.3406,0.2172,-0.734,-0.3335,-0.616,0.136,-0.3613,-1.186,0.2379,0.1038,-0.1987,-0.1891,-0.6188,-0.2341,0.1278,-0.3196,-1.2597,0.1316,-0.5494,-0.8165,-0.1414,-0.0931,-0.8079,-0.0143,0.1561,-0.3166,-0.108,-0.2734,-0.4048,0.3364,0.0523,0.6743,-0.7959,-0.2801,-0.2168,-0.425,0.5272,0.2349,0.1356,0.3758,0.1237,0.2762,-0.7606,-0.1496,0.1004,-0.249,-0.0183,0.9776,0.3187,0.1692,0.0277,0.1149,0.1041,-0.1637,-0.2788,-0.4013,0.023,-0.3797,0.0418,-0.396,0.0684,0.0373,0.2029,-0.6413,-0.0704,0.3695,0.2117,-0.027,-0.1585
positive42-2.txt_Q2LE37.1|APOM_PIG,0.5114,0.0804,0.1497,0.1691,0.2201,-0.2252,0.1231,0.5133,-0.0828,-0.0758,0.1053,0.1164,-0.1598,0.422,0.3536,0.4315,0.0805,0.2821,0.4806,-0.137,-0.0654,0.077,-0.3773,-0.3479,-0.4884,-0.0952,-0.4046,-0.0418,-0.2446,-0.0536,0.112,-0.0074,0.0918,0.3438,0.7851,-0.3447,-0.165,0.715,0.4415,-0.1209,0.0812,-0.2966,-0.3273,0.5551,-0.3343,0.5349,0.7413,-0.3416,-0.3625,-0.3021,-0.3759,-0.396,-0.3048,0.7657,0.3419,0.1138,-0.0781,-0.0079,0.2411,-0.2708,0.0472,0.5704,0.3077,0.4748,0.1313,0.0449,0.4473,-0.5545,-0.0648,0.0312,-0.1479,0.0854,0.0826,-0.2994,-0.2293,-0.0361,0.2243,0.0404,-0.0284,0.2595,-0.0786,-0.5287,-0.2088,-0.0568,-0.4309,-0.912,-0.4759,-0.4911,0.1988,-0.4712,-0.6298,-0.6361,-0.3369,-0.1198,-0.7705,-0.297,-0.0627,0.0272,0.236,-0.2442,-0.1867,0.6265,-0.3339,-0.3167,-0.21,0.5147,0.268,-0.4105,-0.2745,-0.1963,-0.4512,0.4896,-0.528,-0.5008,-0.8045,-0.0524,-0.1144,-0.143,0.1149,-0.1343,-0.2508,0.394,0.0851,0.0057,0.2592,-0.0524,0.0151,0.2629,-0.324,-0.0155,0.0729,0.3154,-0.0671,-0.7924,-0.5941,-0.3197,-0.2268,-0.1297,-0.6446,0.0125,0.0992,-0.0484,-0.0089,0.1723,0.1158,-0.1912,-0.089,-0.1157,0.2629,0.0927,-0.5186,0.224,-0.0467,-0.1404,-0.9981,-0.2814,0.2289,-0.2441,0.2485,0.4466,-0.0809,0.3302,0.0982,-0.1526,0.3175,-0.0341,-0.5298,0.0913,-0.0086,-0.2441,-0.4694,-0.1045,-0.2224,0.43,-0.52,-0.2199,-0.196,0.0892,0.3291,-0.1663,-0.0285,0.1305,0.2483,0.2973,0.2575,-0.1532,-0.0287,0.4992,0.1485,0.5951,0.8574,0.0796,0.7728,0.108,-0.4224,0.0472,-0.1957,-0.0702,0.0174,0.327
positive42-2.txt_Q9Z1R3.1|APOM_MOUSE,0.4963,0.0725,0.1313,0.1413,0.1095,-0.2046,0.2628,0.5696,-0.1083,-0.0574,-0.0617,0.147,-0.214,0.4761,0.3244,0.4297,0.0559,0.3143,0.4792,-0.2446,-0.0745,0.0903,-0.3265,-0.3699,-0.5069,-0.1413,-0.4778,0.2068,-0.258,-0.2639,0.1249,0.0195,0.0932,0.2569,0.7619,-0.3381,-0.1446,0.7379,0.4296,-0.1491,0.0866,-0.3112,-0.3731,0.5598,-0.3652,0.5457,0.8961,-0.3827,-0.3179,-0.2645,-0.261,-0.4077,-0.2563,1.0273,0.3501,0.0942,-0.0692,-0.0469,0.215,-0.3011,0.0316,0.611,0.3893,0.5293,0.1113,0.0977,0.3051,-0.4373,0.0361,0.0744,-0.1268,0.09,0.1163,-0.1779,-0.2148,-0.0113,0.0687,0.0545,0.0236,0.1524,-0.1362,-0.4707,-0.2076,-0.0286,-0.4072,-0.9458,-0.4359,-0.5032,0.2341,-0.5449,-0.7277,-0.6183,-0.4022,-0.1769,-0.7559,-0.2422,-0.0755,0.1457,0.399,-0.3703,-0.2161,0.5849,-0.3149,-0.065,-0.1412,0.4878,0.4902,-0.5698,-0.3038,-0.0602,-0.4319,0.5551,-0.4502,-0.3589,-0.7674,-0.011,0.0743,-0.0546,0.155,-0.2611,-0.2639,0.3601,0.0395,-0.1103,0.2519,-0.0513,-0.1959,0.1549,-0.3526,0.0199,-0.028,0.1974,-0.054,-0.799,-0.6356,-0.3678,-0.1724,-0.0084,-0.6342,0.0675,0.0269,0.0872,0.0122,0.0743,0.0223,-0.1121,-0.3646,-0.1929,0.3101,-0.1576,-0.6243,0.3206,-0.1051,-0.3477,-1.0299,-0.3467,-0.106,-0.0496,0.3318,0.4646,-0.0907,0.2581,0.1735,-0.1311,0.2932,-0.007,-0.6253,0.0947,-0.1458,-0.4552,-0.4054,0.0184,-0.1633,0.3344,-0.4468,-0.1924,-0.1413,0.0049,0.2628,-0.0927,-0.0333,0.1824,0.1445,0.4029,0.2114,-0.1301,0.1197,0.6317,0.092,0.5355,0.779,0.1567,0.7378,-0.0957,-0.3107,0.0664,0.1704,-0.1311,0.082,0.4286
