#name,V1,V2,V3,V4,V5,V6,V7,V8,V9,V10,V11,V12,V13,V14,V15,V16,V17,V18,V19,V20,V21,V22,V23,V24,V25,V26,V27,V28,V29,V30,V31,V32,V33,V34,V35,V36,V37,V38,V39,V40,V41,V42,V43,V44,V45,V46,V47,V48,V49,V50,V51,V52,V53,V54,V55,V56,V57,V58,V59,V60,V61,V62,V63,V64,V65,V66,V67,V68,V69,V70,V71,V72,V73,V74,V75,V76,V77,V78,V79,V80,V81,V82,V83,V84,V85,V86,V87,V88,V89,V90,V91,V92,V93,V94,V95,V96,V97,V98,V99,V100,V101,V102,V103,V104,V105,V106,V107,V108,V109,V110,V111,V112,V113,V114,V115,V116,V117,V118,V119,V120,V121,V122,V123,V124,V125,V126,V127,V128,V129,V130,V131,V132,V133,V134,V135,V136,V137,V138,V139,V140,V141,V142,V143,V144,V145,V146,V147,V148,V149,V150,V151,V152,V153,V154,V155,V156,V157,V158,V159,V160,V161,V162,V163,V164,V165,V166,V167,V168,V169,V170,V171,V172,V173,V174,V175,V176,V177,V178,V179,V180,V181,V182,V183,V184,V185,V186,V187,V188,V189,V190,V191,V192,V193,V194,V195,V196,V197,V198,V199,V200,V201,V202,V203,V204,V205,V206,V207,V208,V209,V210
positive42-2.txt_sp|Q6UWW0|LCN15_HUMAN,1.0082,1.3488,1.2911,1.4042,0.4489,1.5763,1.819,0.686,1.2674,1.2409,1.4297,1.8039,1.2846,1.3305,0.8326,1.2402,1.5427,0.4408,1.0135,1.6429,0.8681,0.8338,0.8301,0.5034,0.9867,1.0276,0.6768,0.8475,0.9727,1.0479,1.0198,0.9267,0.9289,0.6356,1.0053,1.0891,0.4222,0.7301,1.1586,1.1824,1.1639,0.3901,1.329,1.3995,0.7292,1.1185,0.9633,1.0164,1.4912,1.0147,0.9871,0.7534,1.0902,1.2648,0.5262,0.8891,1.1173,1.2356,0.3844,1.2586,1.3812,0.7441,1.057,0.8921,0.9343,1.3848,0.9237,0.9129,0.7631,1.1149,1.2153,0.4972,0.8104,1.0474,0.3339,1.332,1.4632,0.7467,1.0199,0.8374,0.8549,1.4131,0.8568,0.8175,0.8805,1.1176,1.1646,0.4687,0.7013,0.9584,0.4306,0.4175,0.3541,0.406,0.539,0.6015,0.4386,0.5289,0.5437,0.2781,0.4998,0.5631,0.1975,0.3576,0.6142,1.6134,0.7967,1.1508,1.0415,1.0642,1.563,1.0647,0.9974,0.9269,1.2114,1.3269,0.5831,0.8705,1.1898,0.8405,1.2098,1.0754,1.1095,1.6932,1.0857,1.0334,0.9463,1.3058,1.4184,0.6025,0.9623,1.2461,0.6654,0.6247,0.6764,0.8685,0.6174,0.6295,0.5169,0.7615,0.8114,0.325,0.4986,0.7463,0.9474,0.9827,1.2378,1.0104,0.996,0.7276,1.0255,1.1971,0.4904,0.9168,1.1305,1.2539,1.0941,1.1769,1.1611,0.6145,1.0112,1.1774,0.4855,0.9012,1.3654,1.1527,1.2264,1.2616,0.6725,1.076,1.2254,0.4863,0.9402,1.4029,1.1381,1.103,0.8775,1.2947,1.4385,0.6378,1.011,1.2649,1.1525,0.636,0.9858,1.1977,0.4474,0.8967,1.3358,0.6183,1.005,1.1627,0.5042,1.0037,1.2961,0.7946,0.8492,0.2857,0.4397,0.7299,1.2562,0.4829,0.8419,1.1985,0.5428,1.0164,1.4148,0.4851,0.5739,1.0407
positive42-2.txt_gi|8134622|sp|O97921.1|PTGDS_HORSE,1.1953,1.3331,1.2554,1.4253,0.5016,1.5211,1.7814,0.7348,1.0779,1.1937,1.5171,1.7294,1.2612,1.2738,0.9103,1.2954,1.6391,0.4931,1.0453,1.6002,0.9408,0.872,0.8905,0.5547,1.083,1.0918,0.7458,0.8432,1.0091,1.1471,1.0735,1.0144,0.9681,0.7824,1.0956,1.2295,0.5229,0.7612,1.209,1.1454,1.182,0.4587,1.2993,1.4053,0.7375,1.0543,0.9948,1.0504,1.4509,1.0535,0.9845,0.8356,1.1272,1.2804,0.5567,0.8828,1.1075,1.2361,0.4148,1.2094,1.3722,0.7511,0.9672,0.9024,0.9341,1.3322,0.9466,0.8865,0.7853,1.1348,1.2021,0.5057,0.8448,1.022,0.4364,1.31,1.4838,0.7426,0.9658,0.8802,0.9062,1.3847,0.9162,0.8572,0.9171,1.1428,1.1981,0.4735,0.7392,0.9557,0.5598,0.5062,0.3744,0.4126,0.5123,0.6075,0.508,0.5399,0.5361,0.3638,0.5282,0.6325,0.2585,0.3966,0.5988,1.5594,0.8003,1.0471,1.0663,1.1091,1.4781,1.0842,1.0152,0.9818,1.2331,1.3777,0.5869,0.8724,1.198,0.8393,1.1238,1.1219,1.1497,1.6489,1.1466,1.0561,1.0086,1.3137,1.466,0.6085,0.9553,1.2636,0.6335,0.6306,0.7142,0.8487,0.6805,0.638,0.5646,0.8122,0.8228,0.41,0.5494,0.7427,0.8851,0.9364,1.1467,0.942,0.9258,0.7076,0.9819,1.0946,0.4975,0.8455,1.0101,1.2634,1.1401,1.1445,1.1238,0.6739,1.0124,1.2255,0.542,0.9056,1.316,1.1871,1.2505,1.2486,0.7303,1.1002,1.3321,0.5924,0.9697,1.4148,1.1898,1.1159,0.9149,1.3001,1.4595,0.628,1.0345,1.2789,1.153,0.7057,1.0434,1.2633,0.5866,0.9321,1.3264,0.6508,1.022,1.194,0.5929,1.0239,1.2708,0.8857,0.927,0.3956,0.5003,0.7778,1.3124,0.5674,0.8897,1.1913,0.6183,1.0436,1.4621,0.5362,0.6301,1.0595
positive42-2.txt_gi|121957959|sp|Q3SZR3.1|A1AG_BOVIN,0.8754,0.9943,0.9122,1.0552,0.1722,1.4841,1.659,0.3426,0.6534,1.1742,1.1503,1.5553,1.0233,1.0018,0.3692,1.0901,1.1303,0.2511,0.6913,1.2007,0.7402,0.7528,0.7771,0.2947,0.8903,0.9759,0.4313,0.6356,0.8518,0.8297,0.9318,0.8149,0.7022,0.4546,0.9217,0.8992,0.3253,0.5943,0.8772,0.8209,0.9141,0.2545,1.1499,1.1944,0.4419,0.6947,0.709,0.7129,1.2172,0.6993,0.6044,0.4453,0.8726,0.8779,0.2959,0.5598,0.7331,0.9244,0.274,0.9945,1.1016,0.4636,0.6772,0.7541,0.7141,1.0462,0.7042,0.69,0.4431,0.9206,0.9103,0.3132,0.5875,0.7933,0.2746,1.1253,1.2326,0.4964,0.7122,0.7626,0.7355,1.1754,0.7001,0.6601,0.4836,0.9485,0.9158,0.3126,0.5864,0.8025,0.3007,0.3184,0.1649,0.2421,0.3313,0.3169,0.3121,0.313,0.2868,0.1661,0.3286,0.3288,0.1201,0.2262,0.35,1.5164,0.5287,0.8497,0.8502,0.8451,1.4601,0.8376,0.6916,0.561,1.065,1.05,0.3403,0.6569,0.873,0.5602,0.9041,0.9106,0.8948,1.5282,0.8828,0.7688,0.5922,1.1646,1.1468,0.3753,0.7192,0.945,0.35,0.4275,0.408,0.5567,0.3964,0.3981,0.2373,0.5087,0.4834,0.1923,0.3346,0.4518,0.6577,0.636,0.8687,0.638,0.5974,0.3747,0.7441,0.7416,0.2765,0.5389,0.6684,1.1009,0.864,1.0426,0.8795,0.4518,0.917,0.9766,0.3658,0.6969,1.152,0.8804,1.04,0.8964,0.44,0.8973,0.908,0.3902,0.701,1.0822,0.8558,0.736,0.5738,1.1076,1.1019,0.3706,0.686,0.8969,0.8273,0.4358,0.887,0.9289,0.3573,0.6532,1.0315,0.3495,0.8173,0.7968,0.4398,0.7901,0.9231,0.5222,0.5103,0.1546,0.2918,0.4548,1.0412,0.38,0.6937,0.9492,0.3683,0.681,0.9859,0.3854,0.3937,0.7421
positive42-2.txt_BAG12758.1|,1.3692,0.9573,1.4673,1.1456,0.4014,1.2819,1.5436,0.9757,0.7096,1.181,1.1968,1.5658,1.0623,1.0887,0.9661,1.6216,1.7965,0.3851,1.2556,1.4066,0.8772,1.0247,0.9614,0.5369,1.1172,1.2028,0.9649,0.679,0.9873,1.0325,1.0986,0.9256,0.9461,0.7979,1.2963,1.3002,0.3787,1.0188,1.1551,1.0375,0.8569,0.3869,0.9613,1.0585,0.7075,0.6193,0.8211,0.7972,1.1502,0.7917,0.7861,0.6669,1.0549,1.1377,0.3928,0.8499,0.9184,1.1701,0.4283,1.1617,1.3501,0.9107,0.8111,0.9637,0.9538,1.3579,0.9497,0.9372,0.8971,1.354,1.372,0.4707,1.0293,1.0698,0.3878,1.0595,1.2088,0.7756,0.677,0.7712,0.7445,1.1164,0.7968,0.8021,0.8315,1.1629,1.169,0.3951,0.8969,0.9031,0.4838,0.5094,0.4289,0.3196,0.4035,0.3949,0.4828,0.4268,0.4056,0.3062,0.5593,0.5476,0.2049,0.4734,0.4877,1.274,0.8593,0.7163,0.9144,0.9087,1.2099,0.9427,0.8867,0.8397,1.2799,1.2843,0.4376,1.0285,1.1076,0.9394,0.7868,0.9987,0.9612,1.371,1.0268,0.9592,0.9505,1.4086,1.4468,0.4449,1.0843,1.1507,0.6095,0.7445,0.8133,0.9422,0.7701,0.7847,0.6441,1.0417,0.9958,0.3393,0.8348,0.8551,0.6532,0.6021,0.78,0.6515,0.7068,0.5425,0.8694,0.8858,0.38,0.8336,0.731,1.0869,1.0432,0.9691,0.9674,0.6092,1.0901,1.202,0.409,0.9688,1.2089,1.0161,0.9031,0.9555,0.5957,1.0886,1.1641,0.3657,0.9346,1.1453,1.0614,1.0087,0.8506,1.3547,1.4358,0.4895,1.0873,1.1343,0.8717,0.6456,1.0686,1.1453,0.3978,0.9282,1.0609,0.629,1.0653,1.1186,0.4801,1.0432,0.9945,1.0067,0.9704,0.2904,0.7284,0.7689,1.5401,0.4996,1.2115,1.2693,0.4951,1.2555,1.3675,0.5135,0.4616,1.0701
positive42-2.txt_BAB51309.1|,0.99,1.062,1.4886,1.1655,0.3765,1.1732,1.3545,0.7019,0.5955,0.9635,0.9112,1.454,0.7198,0.9896,0.9494,1.5055,1.4969,0.3699,1.1166,1.215,0.8444,0.9948,0.8335,0.4372,0.908,0.973,0.6475,0.6225,0.8039,0.8259,1.0094,0.7381,0.7874,0.732,1.1275,1.0588,0.4237,0.8326,0.9484,1.1105,0.91,0.4344,1.0166,1.0661,0.639,0.6329,0.8019,0.827,1.1702,0.7436,0.7714,0.7149,1.1039,1.1041,0.3865,0.887,0.9057,1.175,0.5193,1.181,1.2538,0.8105,0.7782,0.9682,0.9464,1.3101,0.8435,0.9315,0.8417,1.3666,1.297,0.5007,1.0352,1.079,0.4332,0.9754,1.1504,0.6752,0.6191,0.8074,0.7691,1.1093,0.7081,0.7908,0.759,1.1264,1.1005,0.3936,0.8155,0.8899,0.4605,0.5191,0.3746,0.3352,0.476,0.4319,0.537,0.3769,0.4484,0.2929,0.532,0.5687,0.2115,0.4498,0.5179,1.1414,0.6889,0.6719,0.8554,0.8479,1.1954,0.7787,0.8318,0.804,1.1831,1.1625,0.4314,0.9312,1.0019,0.7358,0.677,0.9414,0.8959,1.2852,0.8203,0.8968,0.8315,1.2345,1.2842,0.4473,0.97,1.0392,0.4976,0.5612,0.578,0.7739,0.5299,0.587,0.6157,0.845,0.8043,0.3309,0.6656,0.6565,0.5428,0.5755,0.7461,0.5268,0.612,0.5038,0.8145,0.7333,0.348,0.6865,0.6486,0.8632,0.9717,0.7414,0.8402,0.5991,0.9939,1.0777,0.4173,0.8379,1.0287,0.9615,0.7433,0.8407,0.6265,1.0064,0.9974,0.4139,0.8558,0.9691,0.8833,0.9286,0.8021,1.2932,1.3105,0.451,1.0141,1.0911,0.7214,0.6246,0.9121,0.8903,0.372,0.7793,0.8467,0.6034,0.9552,0.9854,0.5133,0.9448,0.9411,0.9532,0.859,0.342,0.7186,0.7442,1.334,0.5184,1.07,1.1489,0.5109,1.0609,1.181,0.5392,0.4854,0.9753
positive42-2.txt_NP_644257.1|,1.1297,0.9025,1.3917,1.2641,0.3807,1.1941,1.3439,0.6885,0.855,0.8263,0.9317,1.3053,0.8171,1.051,1.1063,1.5684,1.6799,0.3929,1.1343,1.1132,0.8243,1.0057,0.9375,0.5013,0.9865,1.0165,0.7108,0.7869,0.7987,0.8697,1.0096,0.812,0.8409,0.8292,1.248,1.24,0.4222,0.8351,0.9767,0.9702,0.8732,0.377,0.9265,0.9384,0.6042,0.6996,0.6534,0.7468,0.9914,0.7193,0.7472,0.7232,1.0272,1.0807,0.3456,0.7541,0.7908,1.1983,0.4611,1.1463,1.2058,0.7335,0.8463,0.8225,0.9029,1.207,0.8184,0.8823,0.8548,1.3058,1.2898,0.4716,0.9276,0.9923,0.4296,1.082,1.21,0.7095,0.7714,0.7811,0.8329,1.1261,0.8096,0.8807,0.8505,1.2069,1.2321,0.4282,0.8752,0.9288,0.4499,0.4823,0.3796,0.3667,0.4031,0.4263,0.4515,0.3885,0.4004,0.3594,0.5765,0.5796,0.1743,0.4303,0.4806,1.1583,0.6781,0.7992,0.791,0.8707,1.1241,0.8299,0.8602,0.8979,1.2379,1.2637,0.4317,0.8905,0.9772,0.7082,0.8168,0.8458,0.8876,1.1743,0.8804,0.9208,0.8915,1.2533,1.3235,0.436,0.9023,0.9917,0.5906,0.5005,0.586,0.6921,0.5462,0.6008,0.6655,0.8735,0.8488,0.3118,0.6331,0.6433,0.6135,0.7091,0.7988,0.6492,0.7574,0.7127,0.9718,0.9331,0.4238,0.8432,0.7735,0.7976,0.8326,0.703,0.7741,0.5586,0.932,1.0198,0.371,0.7463,0.9017,0.9218,0.7952,0.8606,0.6916,1.0419,1.0676,0.4136,0.8391,0.9442,0.8797,0.9047,0.8004,1.2359,1.2979,0.4236,0.8952,0.9892,0.7464,0.6738,0.9725,0.996,0.3592,0.7484,0.8482,0.6721,1.0168,1.1019,0.4975,0.9611,0.9203,1.0621,1.0221,0.3369,0.7336,0.7996,1.4999,0.538,1.0502,1.1587,0.5237,1.0541,1.2233,0.5256,0.4501,0.9211
positive42-2.txt_ZP_01913758.1|,1.3658,0.7988,1.5187,1.1032,0.3994,1.1223,1.1904,0.776,0.572,1.1682,1.1903,1.317,0.8908,0.9729,0.8772,1.5027,1.4371,0.3455,1.058,1.5645,0.8086,1.0901,0.9221,0.5136,0.9604,0.997,0.828,0.6586,1.0537,1.0809,1.0702,0.9359,0.9795,0.7838,1.3037,1.1978,0.4537,1.0104,1.2832,0.9172,0.6967,0.3174,0.8277,0.7932,0.5727,0.5283,0.6942,0.703,0.9226,0.6691,0.6866,0.5676,0.8942,0.8554,0.3211,0.7228,0.8209,1.1377,0.3949,1.1446,1.2085,0.7994,0.7234,1.0129,0.9473,1.2644,0.8942,0.907,0.7709,1.2842,1.2772,0.4521,1.0235,1.1642,0.4133,0.8834,1.0271,0.6928,0.5333,0.803,0.7667,0.9891,0.7485,0.7478,0.7216,1.0766,1.0309,0.3649,0.8167,0.9819,0.3815,0.3953,0.3601,0.2293,0.4291,0.4196,0.3973,0.3802,0.3595,0.2989,0.5195,0.4819,0.1746,0.4103,0.569,1.0246,0.6688,0.5977,0.8981,0.879,1.1257,0.8169,0.8275,0.649,1.0589,1.0974,0.3852,0.8615,1.0738,0.6767,0.5871,0.9159,0.8488,1.1322,0.8207,0.8285,0.7248,1.0981,1.1404,0.3985,0.9241,1.0765,0.4722,0.617,0.6876,0.7119,0.5894,0.6621,0.5976,0.8732,0.7873,0.3115,0.6498,0.7849,0.584,0.5491,0.6596,0.5142,0.5847,0.426,0.7,0.6815,0.3237,0.6565,0.6535,1.0866,0.972,0.9213,0.9172,0.5686,1.1063,1.0967,0.4256,0.9098,1.2745,0.9333,0.9065,0.9597,0.5809,1.1142,1.014,0.4054,0.8632,1.235,0.9178,0.887,0.7262,1.1651,1.1942,0.4141,0.9771,1.1245,0.792,0.5659,0.9673,0.9443,0.3888,0.7987,1.0691,0.6082,1.0168,0.9473,0.437,0.8927,1.0586,0.9222,0.8106,0.269,0.6455,0.7516,1.3389,0.4593,1.0542,1.3389,0.4395,1.0263,1.3125,0.4653,0.5093,1.0454
positive42-2.txt_XP_001870653.1|,1.1109,0.8687,1.2404,0.9413,0.2725,1.3516,1.3524,0.4416,0.7774,1.0389,0.9978,1.3185,1.0952,0.9421,0.6306,1.5947,1.516,0.4776,0.9695,1.1208,0.88,1.0513,0.8925,0.4934,1.1061,1.1014,0.6337,0.8142,0.9349,0.9258,1.1026,0.9929,0.8382,0.7394,1.2966,1.2275,0.5684,0.8507,1.0084,0.965,0.8112,0.3855,1.0469,1.0276,0.5396,0.7576,0.767,0.7588,1.0543,0.8338,0.7304,0.6267,1.0964,1.0152,0.4981,0.7521,0.825,1.0474,0.4583,1.2154,1.2305,0.6678,0.9081,0.9261,0.9172,1.1894,0.9956,0.8807,0.7622,1.3348,1.2666,0.5895,0.8943,1.0014,0.3857,1.0408,1.085,0.5694,0.7679,0.77,0.7582,1.0048,0.8197,0.7228,0.6652,1.1281,1.0582,0.4885,0.7375,0.8352,0.4851,0.4805,0.2796,0.3659,0.4397,0.4257,0.4814,0.453,0.38,0.3213,0.5789,0.5695,0.2608,0.3866,0.4734,1.322,0.6797,0.9604,0.9702,0.9519,1.3045,1.0516,0.9109,0.7889,1.3761,1.2769,0.6176,0.9404,1.0409,0.6786,0.9571,0.9385,0.925,1.2771,1.0145,0.8879,0.8061,1.3768,1.2719,0.6086,0.9222,1.0169,0.4979,0.5306,0.5213,0.6722,0.5723,0.4913,0.4409,0.7713,0.7181,0.3357,0.5003,0.5774,0.73,0.7386,0.9274,0.7975,0.7689,0.5576,1.0071,0.9399,0.5423,0.8102,0.7832,0.9844,0.9628,1.0315,0.8787,0.5961,1.0939,1.121,0.5563,0.8416,1.0699,0.9404,1.0322,0.8933,0.5885,1.0889,1.0953,0.5786,0.869,1.0194,1.0403,0.8896,0.7824,1.3646,1.2655,0.5954,0.9094,1.0313,0.9337,0.6304,1.1778,1.1703,0.6013,0.9113,1.0744,0.5235,1.0076,0.9941,0.6346,0.939,0.9092,0.8939,0.8542,0.3698,0.5399,0.6565,1.5088,0.6729,1.0229,1.1853,0.6523,0.9872,1.2039,0.6608,0.5797,0.88
positive42-2.txt_sp|P11590|MUP4_MOUSE,0.9984,1.3147,1.2549,1.4179,0.334,1.647,1.8807,0.6396,1.2606,1.3468,1.5444,1.807,1.3429,1.2411,0.8441,1.2762,1.6074,0.3937,1.0361,1.7013,0.8401,0.8125,0.8418,0.3962,1.0352,1.0555,0.6306,0.8497,0.9812,1.0409,1.0132,0.9293,0.8559,0.639,0.9925,1.0736,0.4171,0.7048,1.144,1.1373,1.1982,0.3439,1.3257,1.4277,0.6813,1.0929,0.9982,0.9878,1.4793,1.0319,0.9271,0.7816,1.0874,1.2814,0.4801,0.8611,1.1144,1.2384,0.3344,1.2906,1.4227,0.714,1.0055,0.9429,0.9311,1.342,0.9319,0.8517,0.7863,1.0961,1.231,0.4372,0.7734,1.0387,0.2927,1.3984,1.5321,0.71,1.017,0.9291,0.8867,1.4249,0.9139,0.8219,0.8921,1.1282,1.2058,0.4435,0.6996,0.9894,0.3894,0.407,0.2862,0.3509,0.4494,0.5337,0.4179,0.4602,0.4368,0.2129,0.4124,0.4961,0.1837,0.3228,0.5317,1.6813,0.7753,1.177,1.1569,1.1258,1.5505,1.1116,0.997,0.9824,1.2453,1.3805,0.5286,0.8487,1.2471,0.8435,1.2506,1.1822,1.1641,1.7158,1.1488,1.0324,1.0159,1.3221,1.4976,0.5689,0.9295,1.308,0.6372,0.6096,0.6761,0.8268,0.6131,0.5387,0.4904,0.7286,0.7812,0.2979,0.4745,0.7303,0.993,0.9884,1.2352,1.0036,0.9735,0.7268,1.0289,1.2015,0.4669,0.9216,1.1142,1.3481,1.1741,1.242,1.1604,0.6732,1.052,1.2438,0.4949,0.9148,1.4375,1.1614,1.2986,1.2447,0.6988,1.1284,1.284,0.4982,0.9635,1.5121,1.2129,1.0547,0.9208,1.2899,1.4872,0.5892,0.998,1.3064,1.1438,0.7029,1.0339,1.2478,0.4217,0.894,1.3687,0.6247,0.9856,1.162,0.4637,0.9713,1.2795,0.8141,0.8699,0.2564,0.4509,0.7543,1.2887,0.4828,0.8375,1.2385,0.5135,1.0496,1.4491,0.4643,0.5557,1.0622
positive42-2.txt_sp|P02760|AMBP_HUMAN,1.1221,1.4035,1.191,1.4529,0.6273,1.6594,1.8493,0.8502,1.1628,1.0167,1.2837,1.8384,1.0273,1.1513,1.0912,1.3984,1.5892,0.383,0.9069,1.2054,1.008,0.882,0.9903,0.6573,1.1394,1.1562,0.7669,0.8885,0.8692,1.0074,1.1584,0.8843,0.8752,0.865,1.1401,1.1631,0.3732,0.7083,0.9984,1.1179,1.2042,0.5957,1.3839,1.448,0.8153,1.1174,0.9014,0.9467,1.5242,0.9384,0.926,0.9491,1.2328,1.2794,0.4384,0.8453,0.9792,1.1645,0.508,1.1914,1.2701,0.7811,0.9197,0.7619,0.7903,1.29,0.7876,0.7614,0.8046,1.1045,1.1392,0.349,0.729,0.844,0.5885,1.3665,1.4992,0.8382,0.9862,0.7887,0.8466,1.4381,0.8087,0.8064,0.9947,1.215,1.2379,0.3683,0.7288,0.8884,0.7005,0.7073,0.4553,0.5122,0.5328,0.6371,0.6622,0.5465,0.5172,0.5053,0.6715,0.7066,0.1936,0.4329,0.598,1.6197,0.8936,1.1533,0.9913,1.0861,1.619,1.0223,0.9617,1.0664,1.3223,1.4131,0.4527,0.8607,1.0887,0.8958,1.1619,0.9852,1.0715,1.7174,1.0151,0.9548,1.1173,1.3847,1.4539,0.4397,0.8775,1.0935,0.7113,0.5798,0.6625,0.9305,0.6062,0.6203,0.6347,0.8764,0.8798,0.2857,0.5324,0.6887,0.8367,0.8932,1.2603,0.8713,0.9201,0.8238,1.061,1.1153,0.4341,0.8341,0.8986,1.0467,1.0171,0.9341,0.9214,0.7098,0.9444,1.0605,0.42,0.7526,1.0376,1.0746,1.0159,1.0082,0.7986,1.0497,1.1366,0.4509,0.7875,1.1066,1.073,1.0348,1.1141,1.4239,1.5043,0.4968,0.9715,1.1257,0.9166,0.7304,0.9669,1.0825,0.4006,0.7523,0.9922,0.7176,0.9807,1.0821,0.4879,0.875,0.9744,1.0405,1.0538,0.3094,0.5842,0.8156,1.3641,0.4325,0.841,1.0794,0.4476,0.9258,1.1976,0.438,0.4327,0.8072
positive42-2.txt_gi|219815997|gb|ACL37113.1|,1.4591,0.9821,1.4926,1.2455,0.2744,1.1036,1.2696,1.0064,0.5899,1.0878,1.115,1.4674,0.7421,1.1926,0.723,1.5524,1.549,0.3417,1.0634,1.3429,0.8744,1.063,1.0039,0.4504,0.9966,1.0807,1.0044,0.6697,1.0271,1.0657,1.1586,0.8382,1.0879,0.7125,1.3431,1.2795,0.4561,1.0213,1.1932,1.0264,0.9187,0.3228,0.9065,0.9638,0.7061,0.5706,0.7946,0.7704,1.0919,0.6854,0.7866,0.5738,0.995,1.0285,0.3908,0.8014,0.8823,1.2382,0.4172,1.0955,1.2142,0.9701,0.7378,0.9697,0.9855,1.2866,0.7781,1.0003,0.7662,1.2963,1.2714,0.4831,0.9867,1.1232,0.3825,0.9919,1.1251,0.8915,0.6492,0.843,0.8762,1.1553,0.7111,0.9297,0.7338,1.1955,1.1554,0.4219,0.8948,0.9866,0.3585,0.3663,0.3646,0.2519,0.383,0.3738,0.3942,0.2881,0.3655,0.2085,0.4409,0.4473,0.1615,0.3343,0.4226,1.0689,0.7804,0.6201,0.8607,0.8487,1.1162,0.7135,0.9025,0.6456,1.1327,1.1022,0.4288,0.8729,1.0038,0.8802,0.6414,0.9259,0.925,1.2111,0.7808,0.9395,0.7512,1.2103,1.225,0.4282,0.9382,1.052,0.5582,0.7371,0.8461,0.9596,0.6469,0.8711,0.6077,1.0381,1.012,0.3757,0.8392,0.8652,0.604,0.5926,0.6767,0.4556,0.6542,0.3727,0.7778,0.722,0.3383,0.6548,0.6601,0.992,0.9777,0.7766,0.9269,0.5083,1.0664,1.0889,0.4123,0.8701,1.1347,0.9787,0.783,1.0192,0.538,1.0996,1.088,0.4212,0.9163,1.1016,0.8582,1.0071,0.7506,1.2514,1.3184,0.4845,1.0414,1.1146,0.7717,0.493,0.8802,0.9004,0.3593,0.712,0.8728,0.582,1.1598,1.1209,0.5051,1.021,1.075,0.819,0.7574,0.2602,0.5889,0.6631,1.3795,0.5229,1.0858,1.2595,0.5156,1.0532,1.2508,0.487,0.4671,0.9801
positive42-2.txt_gi|62486|emb|CAA48138.1|,1.1587,1.1211,1.2216,1.1941,0.4366,1.3172,1.7136,0.9392,1.0684,1.314,1.4246,1.6381,1.2533,1.3215,0.8703,1.5793,1.3623,0.3287,0.8794,1.7007,0.7692,0.834,0.8498,0.52,0.9293,1.0493,0.8287,0.7558,1.0756,1.0832,1.0305,0.9693,0.9806,0.7696,1.205,1.0717,0.3842,0.6718,1.265,1,0.8975,0.3119,1.086,1.2253,0.7588,0.9067,0.868,0.8473,1.25,0.8912,0.8715,0.7107,1.1343,1.0039,0.405,0.6213,0.9575,1.0752,0.2698,1.131,1.2901,0.8558,0.9751,0.8269,0.7854,1.2313,0.8133,0.8129,0.7649,1.2103,1.0197,0.3908,0.6663,0.9708,0.2768,1.0878,1.3026,0.7792,0.8371,0.7759,0.7158,1.1982,0.7325,0.7211,0.8146,1.1381,0.9616,0.3622,0.5792,0.9192,0.3804,0.4011,0.393,0.3074,0.5344,0.5472,0.3724,0.4871,0.5368,0.3507,0.5269,0.4958,0.1647,0.2762,0.5938,1.4257,0.8573,0.9783,0.9844,0.9237,1.3223,0.9214,0.952,0.8775,1.2879,1.1195,0.4562,0.713,1.1224,0.9413,1.085,1.0956,1.0414,1.5646,1.0669,1.0294,0.9516,1.4175,1.3019,0.4963,0.8015,1.2721,0.7193,0.7609,0.7273,0.9176,0.7079,0.7248,0.6985,1.0419,0.834,0.3226,0.5131,0.9082,0.8333,0.7925,1.0497,0.8221,0.8792,0.6763,1.0949,0.9458,0.369,0.7128,0.9348,1.2748,1.0933,1.1704,1.1896,0.7188,1.2058,1.132,0.4568,0.801,1.4139,1.0598,1.1908,1.2452,0.6828,1.1628,1.1032,0.4581,0.8217,1.3919,1.1084,1.0319,0.8764,1.4017,1.2717,0.5098,0.8277,1.2316,1.114,0.6374,1.1158,1.1044,0.3924,0.7446,1.2814,0.7136,1.1591,1.0953,0.4552,0.8698,1.275,0.9727,0.7716,0.3023,0.4371,0.8283,1.3201,0.4967,0.832,1.3965,0.4451,0.822,1.3541,0.4066,0.5131,0.925
positive42-2.txt_gi|20177826|sp|Q9Z1I7.1|APHR_MESAU,0.8391,1.3278,1.3343,1.3567,0.4748,1.2767,1.8648,0.6354,1.1159,1.38,1.5179,1.9869,1.2058,1.1985,0.6768,1.3577,1.753,0.372,1.195,1.6871,0.758,0.7618,0.7466,0.4336,0.8157,0.953,0.5648,0.6891,0.8653,0.9404,0.9804,0.7707,0.7281,0.5124,0.9386,1.0435,0.3068,0.7032,1.0377,1.1392,1.1166,0.4199,1.212,1.4099,0.6374,0.9418,0.9749,0.9575,1.5216,0.9247,0.8815,0.7536,1.1103,1.2933,0.4359,0.8427,1.0847,1.2433,0.4084,1.1748,1.4384,0.7133,0.9581,0.9147,0.88,1.446,0.8426,0.8143,0.7437,1.1773,1.2691,0.3956,0.8144,0.9953,0.3438,1.1657,1.4896,0.6523,0.8366,0.8228,0.8041,1.4385,0.7574,0.7044,0.8071,1.146,1.1929,0.3728,0.6937,0.9085,0.4363,0.4955,0.3396,0.4199,0.5185,0.5709,0.526,0.4976,0.4612,0.2296,0.4588,0.5882,0.1614,0.4066,0.6229,1.4668,0.6828,0.9186,0.9476,0.9336,1.4862,0.8641,0.8445,0.7698,1.1497,1.2947,0.421,0.8257,1.0623,0.7844,1.0859,1.0927,1.094,1.8166,1.0183,0.9858,0.9202,1.358,1.524,0.4961,1.005,1.2152,0.562,0.5429,0.5862,0.8244,0.5001,0.4791,0.4325,0.7171,0.7662,0.2039,0.4889,0.6534,0.9064,0.8935,1.1545,0.8382,0.8685,0.533,0.9585,1.123,0.4204,0.9432,0.9961,1.376,1.1968,1.2042,1.1491,0.5895,1.0453,1.3217,0.4499,0.9884,1.4519,1.1903,1.248,1.196,0.6032,1.0722,1.3559,0.3984,1.0276,1.4938,1.1379,1.1164,0.9287,1.4201,1.6384,0.5676,1.134,1.3221,1.0728,0.5512,0.9453,1.2259,0.3922,0.9167,1.2891,0.5396,0.9308,1.1992,0.4292,1.0541,1.2047,0.7582,0.8432,0.237,0.4747,0.6558,1.4016,0.4602,0.9344,1.2322,0.5167,1.178,1.5128,0.4651,0.4795,1.1026
positive42-2.txt_tr|Q86PT3|Q86PT3_ANOGA,1.5725,0.9206,1.6077,1.0864,0.5181,1.3702,1.4117,0.7875,0.8115,1.0266,0.9891,1.2105,1.182,0.4782,0.3876,2.1298,1.5152,0.1654,0.5019,1.2417,1.0615,1.3672,1.0958,0.8496,1.2951,1.2918,0.9995,0.9084,1.1052,1.0917,1.2311,1.2307,0.7205,0.7209,1.7562,1.487,0.3828,0.7253,1.2726,1.1486,0.9209,0.5256,1.1026,1.0987,0.7239,0.8004,0.7311,0.7336,1.0489,0.8789,0.5091,0.5488,1.3152,1.0767,0.2834,0.5545,0.8384,1.2843,0.6583,1.4071,1.4354,1.0355,1.0789,0.9112,0.9093,1.3217,1.0854,0.6646,0.706,1.7799,1.4294,0.3742,0.7247,1.0406,0.5338,1.1674,1.2122,0.8122,0.8703,0.7417,0.7384,1.0791,0.8809,0.5433,0.5851,1.4286,1.1352,0.3053,0.5839,0.8437,0.6421,0.6388,0.488,0.4398,0.6614,0.6496,0.6102,0.7043,0.4099,0.368,0.8906,0.786,0.2054,0.392,0.7457,1.377,0.877,0.9935,0.9124,0.915,1.2753,1.0946,0.6533,0.6783,1.6108,1.3107,0.3667,0.7047,1.0343,0.8882,0.9931,0.8985,0.8965,1.2802,1.071,0.6412,0.6863,1.63,1.3166,0.3574,0.6932,1.0234,0.6762,0.6101,0.6076,0.8318,0.7119,0.4431,0.48,1.2211,0.952,0.2532,0.469,0.7097,0.6327,0.6341,0.9125,0.7616,0.5156,0.4731,1.179,0.9329,0.3062,0.5744,0.7084,1.0031,0.8455,1.0783,0.6295,0.4792,1.167,1.0703,0.2975,0.5934,1.1157,0.8472,1.0677,0.6251,0.4791,1.162,1.0548,0.2974,0.5885,1.0866,1.0144,0.5894,0.6406,1.5255,1.2469,0.3275,0.6344,0.967,0.6891,0.5646,1.3516,1.1988,0.3414,0.6696,1.1737,0.3296,0.8124,0.6945,0.2633,0.4749,0.6733,0.8571,0.7047,0.1844,0.3473,0.5555,1.7489,0.4503,0.8495,1.3501,0.3704,0.7081,1.2345,0.2751,0.3237,0.6431
positive42-2.txt_AGAP009281-RA,1.4304,0.8575,1.5063,1.1099,0.43,1.0126,1.1692,0.9475,0.662,0.9421,1.1422,1.5279,0.936,1.0285,0.9231,1.4896,1.8939,0.295,1.2211,1.3655,0.8199,1.0914,0.9406,0.5904,0.9824,1.0027,0.9958,0.694,0.9904,1.1061,1.1196,1.0136,1.0073,0.7988,1.3234,1.4177,0.4181,1.0542,1.2451,0.9577,0.7928,0.3833,0.7956,0.8517,0.6651,0.576,0.6327,0.713,1.0405,0.7185,0.7058,0.6661,0.9454,1.079,0.3276,0.8594,0.765,1.1557,0.5048,1.0607,1.1799,0.9041,0.7866,0.8571,0.9485,1.3511,0.9164,0.9199,0.87,1.2948,1.4625,0.4136,1.0723,1.0272,0.4431,0.9022,1.0479,0.7501,0.6439,0.7157,0.7594,1.1108,0.7751,0.7809,0.7872,1.0922,1.1785,0.3222,0.9189,0.8558,0.459,0.4769,0.479,0.3176,0.4498,0.4769,0.5117,0.4548,0.3999,0.3071,0.5685,0.605,0.1926,0.4479,0.5464,0.9577,0.7307,0.6011,0.7354,0.8021,1.093,0.8008,0.7502,0.7624,1.0777,1.1625,0.3497,0.8913,0.8895,0.7732,0.6482,0.7683,0.8493,1.1589,0.8639,0.812,0.8021,1.1082,1.2788,0.3535,0.9773,0.9293,0.5628,0.6805,0.7992,0.9354,0.7415,0.7838,0.6444,0.9792,1.0885,0.3168,0.8142,0.8451,0.5729,0.5985,0.7288,0.5784,0.6711,0.482,0.8203,0.8778,0.3076,0.769,0.6687,0.9404,0.875,0.8327,0.8037,0.5542,0.9668,1.1358,0.345,0.8216,1.0458,0.9555,0.9222,0.9305,0.6247,1.0605,1.2086,0.3569,0.9159,1.0989,0.9681,0.9553,0.8816,1.2766,1.4934,0.4063,1.1045,1.0385,0.8287,0.6647,1.0164,1.1506,0.3585,0.8895,1.0217,0.6302,1.0511,1.1467,0.4055,0.981,0.9643,0.9382,0.9925,0.2468,0.7643,0.7069,1.5312,0.4433,1.1354,1.1958,0.4687,1.275,1.3643,0.4398,0.4124,1.0072
positive42-2.txt_gi|156968281|gb|ABU98612.1|,1.2579,0.7756,1.6125,1.0865,0.2576,1.1523,1.296,0.6739,0.6134,1.0399,0.9223,1.3238,0.8025,1.0571,0.8038,1.6104,1.6709,0.3311,1.0969,1.3861,0.767,1.1306,0.9251,0.4075,0.9965,1.0521,0.7397,0.6815,0.9414,0.8899,1.0389,0.8339,0.9388,0.7612,1.2874,1.2837,0.4279,0.9693,1.127,0.9602,0.7301,0.2807,0.832,0.8378,0.5454,0.5596,0.6614,0.6229,0.9154,0.6138,0.659,0.532,0.9486,0.9685,0.3312,0.7313,0.7881,1.1878,0.3979,1.1917,1.2912,0.862,0.7995,0.9827,0.9101,1.3041,0.8636,0.953,0.8383,1.4419,1.4389,0.4614,1.0154,1.177,0.3222,0.9337,1.0612,0.6641,0.6187,0.7686,0.6908,1.0153,0.6771,0.7764,0.711,1.1468,1.1342,0.3584,0.801,0.9209,0.3428,0.3537,0.2611,0.2441,0.3555,0.323,0.3594,0.2906,0.3264,0.229,0.424,0.4485,0.1699,0.3596,0.418,1.0978,0.6861,0.6742,0.8205,0.7707,1.0991,0.7638,0.829,0.7001,1.2239,1.203,0.404,0.8788,1.0209,0.7246,0.693,0.8844,0.8054,1.1537,0.7999,0.857,0.7574,1.2643,1.3022,0.3887,0.9137,1.0618,0.4763,0.5667,0.5457,0.7435,0.52,0.61,0.5379,0.8609,0.8459,0.2983,0.6255,0.6811,0.6004,0.5592,0.7142,0.5373,0.6477,0.4468,0.8086,0.8199,0.3215,0.6907,0.6917,0.8991,0.9149,0.8019,0.8767,0.554,1.023,1.1196,0.4031,0.8842,1.1214,0.8464,0.7814,0.8574,0.534,0.9652,1.0105,0.3727,0.8568,1.0104,0.842,0.9027,0.712,1.2567,1.3011,0.4079,0.9557,1.0478,0.7706,0.5476,0.9386,0.9605,0.3363,0.7831,0.9355,0.6012,1.0268,1.0648,0.46,0.9917,1.0017,0.9207,0.8682,0.2575,0.6193,0.7291,1.5234,0.4686,1.07,1.265,0.4763,1.1171,1.3237,0.4779,0.4681,1.018
positive42-2.txt_gi|20178087|sp|P81608.1|SAL_PIG,1.1971,1.2878,1.2403,1.3889,0.4617,1.6309,1.7825,0.668,1.2107,1.3077,1.4382,1.7771,1.2922,1.2914,0.8487,1.4381,1.7204,0.3458,0.8946,1.7468,0.8888,0.8394,0.8465,0.5394,1.118,1.1115,0.666,0.8808,1.0584,1.0796,1.0337,0.9521,0.9474,0.7033,1.154,1.1799,0.4091,0.6885,1.2804,1.0952,1.1531,0.4374,1.3304,1.3737,0.6786,1.0683,0.9932,0.9806,1.4151,1.0038,0.9495,0.7919,1.1322,1.2833,0.4791,0.7983,1.1065,1.216,0.4149,1.267,1.3657,0.7008,1.0036,0.9156,0.8888,1.287,0.916,0.8501,0.7781,1.1728,1.2462,0.4307,0.7181,1.0529,0.4204,1.3483,1.4575,0.7238,0.992,0.9016,0.858,1.3584,0.8851,0.8274,0.8825,1.1701,1.2487,0.4297,0.6633,0.998,0.5557,0.5386,0.3576,0.4809,0.5262,0.5558,0.5165,0.5028,0.5001,0.2885,0.533,0.6128,0.2128,0.3687,0.6142,1.6235,0.7833,1.1679,1.1567,1.1135,1.4984,1.1212,1.0542,0.9638,1.3309,1.4703,0.5241,0.8264,1.2933,0.8518,1.1803,1.1306,1.1203,1.6112,1.0845,1.0267,0.9552,1.3789,1.5041,0.5503,0.848,1.2941,0.6317,0.5969,0.6332,0.8634,0.5906,0.5688,0.4934,0.7611,0.8155,0.2865,0.4532,0.7224,0.9707,0.9119,1.2022,0.989,0.947,0.6772,1.0697,1.2267,0.4268,0.8358,1.1065,1.2859,1.1381,1.2058,1.1754,0.6588,1.1165,1.2771,0.48,0.8513,1.4484,1.1568,1.2204,1.2185,0.6478,1.123,1.2795,0.4733,0.8678,1.4663,1.1877,1.1101,0.8715,1.3499,1.5293,0.5683,0.9477,1.2949,1.1476,0.6636,1.0713,1.2577,0.4287,0.842,1.3532,0.6608,1.0679,1.239,0.4757,0.9428,1.3208,0.8597,0.9271,0.2723,0.4301,0.7802,1.4217,0.4839,0.8399,1.3447,0.5306,0.9864,1.5042,0.4094,0.5313,0.9859
positive42-2.txt_gi|75062228|sp|Q5VFH6.1|ALL4_FELCA,1.0844,1.287,1.1925,1.2971,0.451,1.5407,1.8471,0.7463,1.2186,1.2857,1.4398,1.7615,1.3093,1.2482,0.741,1.3456,1.6037,0.4711,1.0069,1.6617,0.8386,0.8174,0.808,0.485,1.027,1.0809,0.7266,0.8318,0.943,1.0088,1.0201,0.9326,0.8684,0.6499,1.0789,1.0964,0.4643,0.6787,1.1545,1.0713,1.108,0.4366,1.2938,1.3955,0.7208,1.0611,0.9264,0.9596,1.4407,0.9877,0.9142,0.7308,1.0987,1.2381,0.5061,0.8392,1.0498,1.1526,0.3996,1.2071,1.3737,0.7304,0.9831,0.8771,0.8641,1.2931,0.8913,0.7881,0.7186,1.1222,1.1981,0.4592,0.7285,1.0031,0.3848,1.2517,1.4314,0.7361,0.9438,0.8459,0.8231,1.3497,0.8623,0.7648,0.7946,1.0997,1.1641,0.4468,0.6614,0.9337,0.4933,0.4995,0.3831,0.4305,0.5205,0.5921,0.506,0.5468,0.5183,0.2745,0.5081,0.5679,0.2516,0.3621,0.6205,1.6194,0.822,1.1207,1.0639,1.072,1.5077,1.0688,0.9811,0.8725,1.2497,1.3519,0.5747,0.841,1.1895,0.8803,1.2245,1.1291,1.1213,1.669,1.116,1.0332,0.9386,1.3872,1.4937,0.6394,0.924,1.2781,0.6863,0.6022,0.6691,0.8669,0.6542,0.5796,0.4971,0.827,0.8017,0.3341,0.4882,0.7395,0.9176,0.904,1.1897,0.9192,0.898,0.6365,1.0517,1.1372,0.5109,0.8772,1.0591,1.2653,1.0905,1.1859,1.1345,0.6334,1.0304,1.1937,0.5329,0.8492,1.3987,1.1165,1.2391,1.2406,0.6512,1.0806,1.2295,0.5422,0.9098,1.4208,1.1622,1.0533,0.8445,1.3248,1.4749,0.6194,1.0067,1.2431,1.1405,0.667,1.0448,1.2317,0.4843,0.8307,1.3303,0.5948,0.9834,1.1489,0.5439,0.9472,1.2666,0.788,0.839,0.3034,0.4203,0.7288,1.3295,0.5592,0.8454,1.253,0.591,0.9927,1.4258,0.5342,0.6136,0.9866
positive42-2.txt_gi|172051154|gb|ACB70352.1|,1.2414,0.8163,1.1333,1.0481,0.3783,1.264,1.3673,0.6468,0.6518,0.9027,0.7917,1.39,0.8642,0.7527,0.3916,1.7712,1.5586,0.3344,0.7133,1.116,0.8663,1.079,0.9839,0.5832,1.1177,1.1487,0.8234,0.7956,0.8471,0.7965,1.1299,0.9072,0.7083,0.5996,1.4263,1.307,0.4704,0.7474,1.0223,0.8939,0.8322,0.3654,0.978,0.9991,0.5989,0.6615,0.5815,0.5634,1.0571,0.6569,0.4782,0.4503,1.083,0.96,0.3203,0.5215,0.6898,1.0501,0.4943,1.1295,1.1836,0.7564,0.7891,0.7215,0.6811,1.1745,0.7923,0.5847,0.5615,1.3619,1.2444,0.387,0.6337,0.8723,0.4652,1.0615,1.1484,0.6919,0.7304,0.668,0.6276,1.1072,0.7289,0.5522,0.5359,1.2557,1.125,0.3681,0.5964,0.8047,0.4992,0.5168,0.389,0.3668,0.429,0.4047,0.49,0.4502,0.3883,0.2895,0.6583,0.6089,0.2453,0.3935,0.5149,1.2909,0.7728,0.8382,0.715,0.6916,1.2782,0.8204,0.6049,0.5894,1.4017,1.2373,0.4117,0.6646,0.8674,0.796,0.8609,0.7442,0.7114,1.3126,0.8419,0.6213,0.6071,1.4528,1.2835,0.4186,0.6827,0.9053,0.5584,0.5234,0.4853,0.7936,0.566,0.4601,0.4245,0.9611,0.8494,0.3253,0.4948,0.6324,0.5603,0.5482,0.8615,0.618,0.5383,0.3982,0.9695,0.8644,0.3721,0.5788,0.6574,0.8189,0.7613,0.8508,0.7161,0.3747,0.9256,0.9481,0.4136,0.6791,0.9857,0.7333,0.814,0.7049,0.3494,0.8713,0.8753,0.4128,0.6646,0.8888,0.8554,0.6296,0.5908,1.415,1.247,0.4196,0.6832,0.9019,0.7223,0.4163,1.0227,1.0018,0.4321,0.6974,0.9453,0.3051,0.7655,0.7355,0.4693,0.7171,0.7687,0.7413,0.6602,0.2075,0.3344,0.4654,1.6066,0.5104,0.828,1.1384,0.4653,0.7774,1.1509,0.4707,0.4552,0.7479
positive42-2.txt_gi|149287112|gb|ABR23455.1|,1.5613,0.8766,1.3697,0.8953,0.4801,1.3696,1.3377,0.8083,0.7102,0.96,0.8309,1.1101,1.0991,0.5884,0.3361,1.9479,1.3745,0.2392,0.6188,1.079,1.0327,1.3166,1.0235,0.7981,1.3161,1.276,1.03,0.9205,0.9751,0.8667,1.1841,1.1155,0.7419,0.6682,1.6921,1.3947,0.4486,0.8085,1.1245,1.0253,0.7956,0.4914,1.0751,1.0368,0.708,0.7371,0.6337,0.5904,0.9783,0.8,0.5098,0.4945,1.2054,0.9636,0.3199,0.5876,0.7314,1.0732,0.6119,1.3094,1.2951,0.9716,0.9186,0.781,0.718,1.1699,0.9569,0.6243,0.611,1.5847,1.2652,0.3865,0.7126,0.903,0.4826,1.0538,1.0681,0.7564,0.7204,0.5987,0.5477,0.9253,0.7403,0.4762,0.4829,1.2387,0.9619,0.3005,0.546,0.6896,0.6285,0.6052,0.471,0.4461,0.575,0.5187,0.5623,0.6293,0.4279,0.3265,0.8285,0.7192,0.2522,0.4386,0.6416,1.3398,0.9086,0.9412,0.8019,0.7414,1.2218,1.0053,0.6504,0.6349,1.5424,1.2198,0.4143,0.7492,0.9222,0.8964,0.9083,0.7424,0.6819,1.1891,0.94,0.6024,0.6182,1.5175,1.1772,0.386,0.704,0.8616,0.6343,0.565,0.507,0.8142,0.681,0.4488,0.4464,1.174,0.8954,0.2794,0.5015,0.6584,0.5978,0.5494,0.8291,0.7245,0.5106,0.4397,1.0706,0.864,0.3289,0.5899,0.6782,0.8858,0.717,1.0013,0.7023,0.4055,0.9976,0.9633,0.395,0.6792,1.0029,0.6628,0.9344,0.6575,0.369,0.9008,0.8744,0.3711,0.6293,0.9159,0.8982,0.578,0.5662,1.3843,1.0995,0.3655,0.659,0.8256,0.756,0.4913,1.1887,1.0845,0.4403,0.7582,1.0612,0.3253,0.7848,0.7234,0.3613,0.5826,0.7276,0.7581,0.6122,0.2051,0.3708,0.4726,1.5735,0.4818,0.8746,1.164,0.425,0.7702,1.0953,0.368,0.4123,0.7246
positive42-2.txt_gi|149287084|gb|ABR23441.1|,1.5546,1.0183,1.4402,0.96,0.5191,1.3183,1.3221,0.6622,0.6841,0.9602,0.9105,1.3136,1.0943,0.5132,0.3833,2.0102,1.7153,0.2487,0.5049,1.2154,1.0513,1.3062,1.0317,0.8513,1.2544,1.2363,0.9233,0.8485,1.0977,1.0716,1.2265,1.2103,0.7268,0.7068,1.6938,1.5632,0.456,0.731,1.2842,1.1311,0.8793,0.5332,1.1357,1.1093,0.6692,0.7684,0.7002,0.7118,1.1494,0.863,0.4949,0.5573,1.2949,1.1358,0.3325,0.5368,0.8356,1.1438,0.6773,1.3251,1.3287,0.8796,0.9408,0.8496,0.8473,1.3042,1.014,0.6118,0.679,1.6477,1.4528,0.4169,0.657,1.018,0.5395,1.0693,1.0973,0.6793,0.7474,0.6723,0.661,1.0314,0.7917,0.4659,0.5422,1.3081,1.1538,0.3159,0.5082,0.8122,0.6438,0.6373,0.4807,0.4368,0.6139,0.6012,0.6253,0.6664,0.4126,0.3646,0.9085,0.8511,0.2594,0.4067,0.7086,1.3087,0.7864,0.8966,0.8413,0.8418,1.3043,1.012,0.5883,0.657,1.5356,1.3596,0.3949,0.6373,1.0055,0.7752,0.8831,0.8173,0.8117,1.2865,0.9785,0.558,0.652,1.534,1.3546,0.3732,0.6107,0.9855,0.562,0.6002,0.5931,0.7734,0.6857,0.422,0.4325,1.0602,0.9102,0.2774,0.4291,0.7014,0.5766,0.5748,0.8729,0.6857,0.4641,0.4447,1.0668,0.9491,0.3323,0.5059,0.6877,0.9291,0.8144,1.0046,0.6285,0.4744,1.1271,1.1144,0.3702,0.6012,1.0661,0.8216,0.9879,0.624,0.4703,1.1155,1.09,0.3709,0.5946,1.0285,0.994,0.5649,0.6498,1.5044,1.3215,0.3758,0.6114,0.9708,0.6768,0.5515,1.2972,1.2415,0.41,0.6596,1.1226,0.3268,0.7868,0.7628,0.3414,0.4997,0.6899,0.8306,0.7536,0.2136,0.3419,0.5666,1.8152,0.5189,0.8189,1.3463,0.4964,0.7843,1.3237,0.3447,0.4156,0.6746
positive42-2.txt_gi|114153056|gb|ABI52694.1|,1.4259,0.7936,1.0969,1.0292,0.294,1.4072,1.1475,0.7281,0.5611,0.8882,0.9659,1.3422,0.9029,0.6571,0.4197,1.8743,1.8252,0.251,0.7134,1.056,0.876,1.0331,0.9441,0.5478,1.1999,1.1111,0.8654,0.6995,0.9408,0.9538,1.1534,0.9705,0.7487,0.6328,1.5595,1.4815,0.4313,0.8017,1.0755,0.8441,0.7654,0.3318,1.0044,0.89,0.6403,0.597,0.5822,0.6521,1.0067,0.6601,0.4991,0.4591,1.0738,1.0557,0.319,0.5739,0.6412,1.0097,0.3982,1.1566,1.0721,0.7758,0.7227,0.7318,0.7757,1.1286,0.7759,0.585,0.5322,1.3097,1.225,0.3711,0.6766,0.8021,0.3736,1.0768,1.0312,0.7148,0.6529,0.6837,0.7121,1.0425,0.7046,0.5544,0.4942,1.2046,1.1192,0.3476,0.6331,0.733,0.4456,0.4263,0.3056,0.2806,0.41,0.4053,0.4357,0.411,0.325,0.2566,0.6144,0.6081,0.1772,0.3404,0.47,1.2323,0.8618,0.8115,0.8163,0.8958,1.3144,0.9119,0.6951,0.6089,1.4668,1.406,0.4568,0.798,0.9101,0.7823,0.7247,0.7606,0.809,1.1848,0.8199,0.6312,0.5695,1.361,1.3018,0.4017,0.7172,0.8441,0.4923,0.5388,0.5766,0.8408,0.5777,0.4431,0.4374,1.0202,0.9626,0.2639,0.4851,0.6027,0.5085,0.5505,0.7654,0.557,0.4657,0.3443,0.8906,0.8403,0.3077,0.5461,0.5647,0.8777,0.7872,0.853,0.6425,0.4191,1.0328,1.0821,0.3491,0.6533,0.9487,0.8772,0.9134,0.6916,0.4262,1.0754,1.1537,0.3912,0.6968,0.9403,0.8787,0.6569,0.6045,1.413,1.3753,0.4167,0.7532,0.8604,0.6756,0.4338,1.0906,1.1568,0.3895,0.6893,0.9271,0.3189,0.849,0.884,0.37,0.6613,0.7056,0.7373,0.7087,0.1908,0.3556,0.4669,1.7436,0.5105,0.9339,1.1733,0.5108,0.9328,1.2221,0.3989,0.3854,0.7214
positive42-2.txt_gi|114153282|gb|ABI52807.1|,1.1586,0.8689,1.2427,1.0968,0.3453,1.2115,1.4746,0.5779,0.782,0.9761,0.7343,1.3357,0.9547,0.9176,0.3767,1.4859,1.5631,0.4144,1.1003,1.1966,0.8961,1.0698,0.9559,0.5312,1.0869,1.1917,0.6692,0.8255,0.9212,0.7836,1.1378,0.9401,0.8468,0.6061,1.2519,1.2832,0.5444,0.9602,1.051,0.9313,0.7883,0.4045,0.9857,1.0372,0.5663,0.754,0.6862,0.5914,1.0449,0.7342,0.6592,0.4918,1.0365,1.0155,0.4413,0.7813,0.78,1.1142,0.5055,1.1422,1.2802,0.7126,0.9077,0.7888,0.6788,1.1997,0.8402,0.7955,0.5813,1.3103,1.262,0.5406,0.9526,0.89,0.4643,1.0192,1.1961,0.6376,0.7943,0.7196,0.6173,1.038,0.7435,0.7301,0.5132,1.1812,1.1547,0.4944,0.8541,0.8104,0.4894,0.5389,0.2759,0.3746,0.4752,0.417,0.5143,0.4696,0.4104,0.2777,0.5689,0.5817,0.2578,0.4436,0.5216,1.3058,0.7017,0.9037,0.8302,0.7145,1.2424,0.8939,0.8147,0.5834,1.2794,1.2595,0.5606,0.9621,0.9438,0.7596,0.9836,0.8985,0.7757,1.3356,0.9557,0.9042,0.6435,1.4183,1.3964,0.6148,1.0615,1.0308,0.5335,0.4406,0.3696,0.7137,0.4797,0.4407,0.3519,0.8059,0.7529,0.3151,0.5358,0.4986,0.6546,0.5792,0.9346,0.7034,0.722,0.4451,0.9748,0.9413,0.4918,0.8505,0.7346,0.8259,0.8634,0.9244,0.8378,0.4945,0.9168,1.0129,0.5071,0.8801,1.0683,0.7437,0.8169,0.7481,0.4107,0.7812,0.8474,0.4591,0.7783,0.8976,0.9348,0.8413,0.6264,1.3293,1.2939,0.5748,0.9945,0.9894,0.8559,0.4838,0.9687,1.0312,0.5464,0.9129,1.0152,0.4292,0.8864,0.9163,0.5947,0.9783,0.9167,0.6616,0.6611,0.2704,0.4961,0.5638,1.4641,0.5928,1.0442,1.0495,0.5971,1.0683,1.1607,0.6471,0.5545,0.9727
positive42-2.txt_gi|114153198|gb|ABI52765.1|,1.3871,0.8548,1.3569,1.3125,0.2932,1.4528,1.4313,0.4708,0.665,0.9116,0.708,1.3254,0.8094,0.8175,0.3399,1.7837,1.6917,0.3335,0.8615,1.1094,0.9724,1.2496,1.2075,0.5296,1.2826,1.28,0.71,0.8522,0.8992,0.8108,1.241,0.928,0.7507,0.6135,1.5183,1.4262,0.5094,0.8464,1.0729,0.9653,0.9256,0.3682,1.0638,1.0262,0.5361,0.6889,0.6297,0.5761,1.0306,0.6851,0.5069,0.4603,1.1482,1.0865,0.3664,0.6012,0.7656,1.2553,0.5026,1.2838,1.2932,0.6921,0.8875,0.7982,0.7247,1.2482,0.8651,0.6967,0.5592,1.4969,1.3899,0.4626,0.8002,0.9492,0.4893,1.2314,1.3003,0.6639,0.8531,0.7921,0.7049,1.2056,0.8227,0.6814,0.5545,1.4128,1.3449,0.4559,0.7925,0.9279,0.4739,0.4917,0.2472,0.327,0.3959,0.3443,0.4868,0.3834,0.3058,0.237,0.6026,0.5821,0.1894,0.3325,0.4542,1.3994,0.7092,0.9181,0.8053,0.7573,1.3371,0.9073,0.6824,0.5766,1.4881,1.4061,0.4652,0.8015,0.9814,0.6969,0.9116,0.8241,0.7621,1.3197,0.893,0.6939,0.596,1.4815,1.412,0.4614,0.8112,0.9837,0.4728,0.4195,0.4028,0.6666,0.459,0.3685,0.3273,0.8021,0.729,0.2523,0.4224,0.5142,0.5736,0.5377,0.8585,0.6346,0.5572,0.3649,1.0061,0.9506,0.3748,0.6392,0.6763,0.7735,0.8031,0.7987,0.7504,0.3931,0.9534,1.0329,0.4271,0.7557,0.9884,0.7343,0.7237,0.6835,0.3555,0.8651,0.9095,0.3973,0.6919,0.85,0.8562,0.6438,0.5852,1.452,1.3794,0.4467,0.7564,0.9618,0.7147,0.3934,1.0301,1.0404,0.4328,0.7478,0.8993,0.2777,0.8045,0.8697,0.4778,0.8147,0.8028,0.6881,0.6431,0.1973,0.3247,0.4775,1.6649,0.5584,0.9289,1.1474,0.5552,0.9524,1.2052,0.5095,0.4769,0.8252
positive42-2.txt_gi|114153166|gb|ABI52749.1|,1.1395,1.1534,1.4308,1.029,0.4189,1.6698,1.5722,0.5194,0.8377,0.7505,0.772,1.4912,1.0458,0.598,0.4918,1.8267,1.4718,0.3725,0.6351,0.9315,0.9939,1.1556,0.9459,0.6308,1.2189,1.1625,0.693,0.8254,0.7789,0.8022,1.1511,0.9842,0.6384,0.6707,1.3819,1.2269,0.4771,0.6858,0.9309,1.1843,0.978,0.4866,1.3645,1.2987,0.605,0.8961,0.6632,0.7074,1.3035,0.9429,0.5731,0.6186,1.3128,1.102,0.4403,0.6654,0.7999,1.1726,0.5966,1.4513,1.4089,0.7743,1.0245,0.7628,0.8032,1.3667,1.0321,0.6963,0.7051,1.5844,1.3539,0.5408,0.7758,0.9173,0.4994,1.2411,1.2316,0.6142,0.8584,0.6204,0.6533,1.1507,0.844,0.572,0.6136,1.3017,1.0948,0.4477,0.6425,0.7488,0.6188,0.585,0.3709,0.4364,0.4785,0.4896,0.5721,0.569,0.3934,0.3525,0.7325,0.6649,0.2882,0.3968,0.5499,1.6043,0.7415,1.1063,0.8155,0.8703,1.5657,1.153,0.7313,0.7713,1.6187,1.3543,0.5702,0.8377,0.9802,0.7152,1.0568,0.751,0.7983,1.5052,1.0658,0.6753,0.757,1.5662,1.2975,0.5291,0.7845,0.9127,0.5345,0.4291,0.4476,0.698,0.5619,0.3965,0.3835,0.8772,0.7274,0.3185,0.4353,0.5124,0.6049,0.6343,1.0224,0.8023,0.5964,0.5001,1.1153,0.9467,0.4621,0.6614,0.7056,0.7562,0.7615,0.8483,0.5977,0.4478,0.9011,0.8703,0.399,0.5785,0.8232,0.8109,0.8775,0.6167,0.465,0.9437,0.8974,0.4213,0.6012,0.8319,1.0769,0.6626,0.7309,1.5257,1.2807,0.5107,0.7631,0.9192,0.7064,0.584,1.1948,1.0928,0.5029,0.7213,0.9509,0.3643,0.7894,0.7238,0.4519,0.5996,0.6498,0.8455,0.7597,0.2769,0.4032,0.5512,1.5946,0.6086,0.8672,1.097,0.5373,0.7671,1.0491,0.4715,0.4434,0.6455
positive42-2.txt_gi|114153124|gb|ABI52728.1|,1.0941,1.1946,1.504,1.1312,0.4344,1.6218,1.5882,0.4519,1.0163,0.8811,0.9061,1.5047,1.1397,0.6277,0.4331,1.7086,1.2591,0.2717,0.686,0.9362,1.0175,1.157,0.9812,0.625,1.2191,1.2008,0.6436,0.8894,0.8284,0.8445,1.1676,0.9971,0.6192,0.6024,1.3133,1.1134,0.3706,0.6643,0.9064,1.2464,1.0141,0.5369,1.3656,1.3066,0.6028,1.0272,0.7765,0.8106,1.3301,1.0035,0.6473,0.6312,1.312,1.1054,0.4129,0.73,0.8472,1.2644,0.6009,1.5009,1.4864,0.7591,1.1767,0.8301,0.844,1.4187,1.0436,0.6799,0.6879,1.5709,1.3165,0.4374,0.7792,0.9315,0.5056,1.2741,1.3014,0.6418,0.9594,0.6914,0.6984,1.1883,0.859,0.5445,0.6053,1.3389,1.108,0.3483,0.6208,0.7864,0.6365,0.6199,0.3322,0.482,0.5272,0.5378,0.6078,0.6061,0.4041,0.3145,0.7013,0.617,0.2436,0.415,0.5542,1.5869,0.736,1.2086,0.9155,0.946,1.5516,1.169,0.7471,0.7592,1.5911,1.3303,0.4767,0.8467,1.0108,0.7369,1.1626,0.8729,0.8969,1.5069,1.1094,0.7003,0.7521,1.5853,1.3105,0.4463,0.7974,0.9765,0.5578,0.4126,0.4187,0.696,0.5177,0.3142,0.3456,0.8298,0.6645,0.1938,0.353,0.468,0.7083,0.724,1.1403,0.8805,0.6495,0.5302,1.2019,1.0267,0.4329,0.7386,0.7718,0.8901,0.8772,0.9797,0.6749,0.4552,0.9382,0.8791,0.3856,0.6669,0.8952,0.9112,1.0021,0.689,0.47,0.9539,0.8859,0.3949,0.6815,0.9015,1.1277,0.7089,0.7344,1.5089,1.2637,0.4484,0.7978,0.9649,0.763,0.5701,1.16,1.0479,0.4465,0.7779,1.0048,0.3349,0.7309,0.674,0.3978,0.6411,0.6706,0.7573,0.6443,0.1985,0.3668,0.5047,1.4319,0.457,0.8176,1.0548,0.4157,0.7353,0.9733,0.4207,0.3866,0.6771
positive42-2.txt_gi|114153090|gb|ABI52711.1|,1.2827,0.9903,1.3259,0.8456,0.4232,1.4442,1.3875,0.6211,0.8395,0.784,0.738,1.3207,0.9791,0.644,0.3424,1.7169,1.1778,0.2751,0.7349,0.83,0.9456,1.1533,0.8724,0.6688,1.2088,1.1715,0.821,0.8815,0.8435,0.7881,1.159,0.9869,0.7186,0.5981,1.4301,1.1928,0.4407,0.7937,0.9309,1.0687,0.7943,0.4753,1.1708,1.124,0.6222,0.8417,0.6499,0.6412,1.1304,0.8465,0.5736,0.5108,1.1717,0.952,0.3527,0.6625,0.705,1.0271,0.5727,1.342,1.3216,0.8337,0.9829,0.7615,0.7482,1.2573,0.9666,0.6661,0.5949,1.457,1.1668,0.3991,0.7589,0.8261,0.441,1.0375,1.0457,0.6418,0.7405,0.5727,0.5649,0.9541,0.7254,0.4975,0.4462,1.1272,0.8891,0.3001,0.5569,0.6173,0.6099,0.5904,0.3947,0.4539,0.4932,0.468,0.578,0.5428,0.399,0.2966,0.7125,0.6127,0.2368,0.433,0.5221,1.4051,0.8098,1.0354,0.8096,0.7947,1.3645,1.0423,0.7128,0.6292,1.4948,1.2079,0.4398,0.8169,0.8797,0.7984,0.9989,0.7707,0.7553,1.3235,0.9912,0.6787,0.6117,1.4691,1.1747,0.4189,0.7771,0.8391,0.6007,0.5103,0.4861,0.7644,0.6198,0.4488,0.4007,0.9799,0.7737,0.2727,0.4885,0.5656,0.6294,0.6161,0.96,0.7901,0.6111,0.4349,1.0682,0.8646,0.3855,0.707,0.6691,0.7542,0.7658,0.8493,0.6549,0.3803,0.9028,0.8213,0.3763,0.6685,0.7957,0.7458,0.827,0.635,0.3632,0.8645,0.7852,0.3631,0.6432,0.7562,0.983,0.6682,0.6155,1.4201,1.1513,0.4141,0.7621,0.8393,0.7301,0.4663,1.1146,0.9755,0.4293,0.7655,0.8735,0.3188,0.7805,0.6893,0.4059,0.6693,0.6567,0.7072,0.5781,0.197,0.3574,0.4248,1.393,0.4771,0.8709,0.9999,0.4118,0.7542,0.8923,0.4284,0.3799,0.6831
positive42-2.txt_gi|114152960|gb|ABI52646.1|,1.5632,0.811,1.5019,0.9356,0.5206,1.2555,1.1785,0.6639,0.9189,0.9232,0.8824,1.0281,1.1286,0.6986,0.4808,2.1295,1.7133,0.3857,0.7797,1.0943,0.9908,1.3307,1.0195,0.8589,1.2524,1.1937,0.9479,0.9606,1.0303,1.0222,1.149,1.2138,0.809,0.7595,1.7435,1.5591,0.5428,0.8602,1.1934,1.0404,0.7843,0.5043,0.9898,0.9363,0.6565,0.7989,0.6164,0.6262,0.9045,0.7991,0.5678,0.5075,1.2234,1.0493,0.4132,0.648,0.7187,1.1598,0.6822,1.3236,1.294,0.9174,1.1038,0.8079,0.8063,1.1936,1.031,0.7491,0.7042,1.7293,1.4876,0.5471,0.8612,0.95,0.5262,1.0301,1.027,0.7064,0.853,0.6232,0.6195,0.9138,0.7905,0.5715,0.5626,1.3341,1.1357,0.4156,0.6589,0.7338,0.6415,0.611,0.4874,0.493,0.6143,0.6062,0.5876,0.693,0.4601,0.3958,0.9252,0.8573,0.3001,0.4719,0.7009,1.2045,0.8272,1.0182,0.7876,0.7949,1.1246,1.0147,0.7286,0.6585,1.5597,1.335,0.5312,0.8334,0.9164,0.8004,0.9743,0.7415,0.7434,1.073,0.9501,0.6742,0.6356,1.5087,1.2834,0.4876,0.7783,0.8675,0.6578,0.5429,0.5456,0.7568,0.6846,0.4736,0.4771,1.129,0.9409,0.341,0.5292,0.6416,0.6385,0.6388,0.902,0.8116,0.6653,0.5128,1.2472,1.0684,0.4973,0.7641,0.7267,0.8975,0.7203,0.9908,0.6993,0.4847,1.0705,1.0522,0.4301,0.6965,0.9897,0.7261,0.9804,0.6983,0.4817,1.0722,1.0395,0.4368,0.6956,0.9638,0.9204,0.6513,0.602,1.4162,1.2192,0.469,0.7348,0.8358,0.8034,0.5889,1.3271,1.2432,0.5242,0.829,1.0771,0.3942,0.9291,0.8656,0.4968,0.7219,0.7377,0.8924,0.7952,0.2704,0.4308,0.5688,1.8613,0.66,1.026,1.2635,0.5982,0.9288,1.226,0.5281,0.4622,0.7464
positive42-2.txt_gi|114152958|gb|ABI52645.1|,1.6157,0.9091,1.4324,0.8762,0.526,1.3486,1.2066,0.5831,0.8871,0.9224,0.902,1.1134,1.1711,0.6975,0.4877,2.1363,1.7363,0.3707,0.7645,1.104,1.0704,1.333,1.006,0.8762,1.3255,1.2347,0.9102,0.9933,1.0453,1.05,1.2228,1.2576,0.8325,0.7795,1.7854,1.5976,0.548,0.8873,1.2212,1.0655,0.794,0.5417,1.0875,1.0029,0.6379,0.8343,0.656,0.677,0.9966,0.868,0.5862,0.5384,1.2893,1.122,0.4159,0.6705,0.7803,1.0906,0.6741,1.3286,1.2702,0.8399,1.0569,0.8041,0.8112,1.202,1.0379,0.704,0.6963,1.6915,1.478,0.4922,0.8137,0.9603,0.5091,1.024,1.0014,0.6411,0.8008,0.6039,0.6065,0.9122,0.7787,0.5134,0.5498,1.2856,1.1047,0.3567,0.5998,0.7236,0.672,0.622,0.4579,0.5086,0.6184,0.6171,0.6195,0.7122,0.4732,0.3995,0.9347,0.8671,0.3058,0.4871,0.7096,1.2626,0.7969,1.0363,0.8179,0.8382,1.2147,1.0768,0.7258,0.685,1.6092,1.3876,0.5123,0.8329,0.9679,0.756,0.967,0.7498,0.7625,1.1315,0.9823,0.6497,0.648,1.5227,1.305,0.4542,0.7557,0.8928,0.6155,0.5241,0.5297,0.7273,0.6638,0.4414,0.4565,1.065,0.9024,0.2994,0.4942,0.6262,0.6457,0.6544,0.9236,0.8318,0.6389,0.5149,1.2402,1.0741,0.4634,0.7361,0.7513,0.9071,0.7518,1.0079,0.7063,0.489,1.0824,1.055,0.4288,0.7009,0.9939,0.7696,1.01,0.7119,0.4913,1.0955,1.0556,0.44,0.7072,0.9802,0.9808,0.657,0.6297,1.4695,1.2792,0.4593,0.7432,0.8895,0.8155,0.6048,1.3615,1.2708,0.5218,0.839,1.106,0.3933,0.9177,0.8624,0.4866,0.7129,0.7553,0.9021,0.8078,0.2628,0.4308,0.5793,1.8821,0.6307,1.0159,1.2914,0.5837,0.9277,1.2413,0.5111,0.4695,0.7648
positive42-2.txt_gi|1575778|gb|AAC48691.1|,1.164,1.3516,1.2496,1.4008,0.4673,1.5583,1.9364,0.6558,1.3192,1.3044,1.4347,1.8102,1.23,1.2898,0.7218,1.2364,1.6756,0.3674,1.059,1.6542,0.8687,0.8792,0.8334,0.5566,1.0187,1.1256,0.7036,0.8986,1.0233,1.0702,1.0456,0.9425,0.9551,0.6474,1.0374,1.14,0.4145,0.7334,1.2171,1.1473,1.2008,0.3998,1.3198,1.4627,0.687,1.1189,0.9901,0.9967,1.4989,0.9804,0.9759,0.7155,1.1055,1.3306,0.4963,0.9056,1.1248,1.2215,0.4058,1.2563,1.4286,0.7124,1.0444,0.9184,0.8944,1.3343,0.876,0.8645,0.7408,1.1063,1.2729,0.4459,0.7803,1.0314,0.3432,1.3179,1.5108,0.7152,1.0056,0.8642,0.85,1.4094,0.8155,0.7977,0.8154,1.1116,1.2315,0.4488,0.7249,0.9619,0.4602,0.4846,0.3467,0.4396,0.5529,0.61,0.4629,0.5178,0.5202,0.2656,0.4808,0.5769,0.2212,0.3662,0.6274,1.6656,0.7489,1.1294,1.071,1.0475,1.5248,1.0369,0.978,0.8646,1.1924,1.3953,0.5165,0.834,1.1968,0.8448,1.2853,1.1724,1.1588,1.7257,1.0863,1.0726,0.9456,1.3559,1.5468,0.5829,0.966,1.3173,0.6673,0.6121,0.6348,0.8391,0.5841,0.5664,0.4369,0.7346,0.7814,0.2986,0.4738,0.7236,0.9746,0.9648,1.2421,0.9467,0.9918,0.6409,1.0292,1.2129,0.4524,0.9385,1.1098,1.274,1.1317,1.1707,1.1622,0.5908,1.0236,1.2628,0.4799,0.921,1.4049,1.1497,1.1925,1.2285,0.6027,1.0513,1.2568,0.4898,0.9658,1.4209,1.128,1.1031,0.821,1.3023,1.5185,0.5924,1.0376,1.2917,1.1391,0.574,0.9755,1.2082,0.426,0.877,1.3163,0.5612,0.989,1.2072,0.4675,1.0313,1.3081,0.748,0.837,0.24,0.4088,0.7016,1.3094,0.4681,0.8458,1.2234,0.5368,1.0656,1.4664,0.4523,0.5436,1.0584
positive42-2.txt_gi|131649|sp|P08938.1|PURP_CHICK,1.4191,1.0153,1.5374,1.0746,0.3055,1.2331,1.366,0.9617,0.7265,0.9807,1.3664,1.5852,0.809,1.19,0.7644,1.6258,1.6253,0.3768,1.0781,1.3774,0.9318,1.0986,0.9039,0.4757,1.0798,1.1487,0.947,0.7307,0.9438,1.1922,1.207,0.871,1.0112,0.7051,1.3497,1.2993,0.4176,0.9361,1.2193,1.0515,0.8379,0.3884,1.0018,1.0156,0.7335,0.6288,0.7308,0.8742,1.1214,0.6543,0.8296,0.6045,1.0673,1.0926,0.4002,0.8056,0.8681,1.1447,0.4802,1.2033,1.2818,0.9782,0.8606,0.9028,1.0573,1.4009,0.8595,1.0363,0.806,1.3722,1.3503,0.4916,0.9775,1.0744,0.3513,0.9561,1.075,0.7971,0.646,0.6851,0.8281,1.0901,0.6426,0.8265,0.6692,1.1058,1.0748,0.3698,0.7926,0.8429,0.4298,0.447,0.3747,0.3153,0.3527,0.4358,0.4649,0.357,0.371,0.2583,0.511,0.54,0.1741,0.3479,0.4648,1.2019,0.8223,0.6887,0.8114,0.9878,1.2672,0.7861,0.9253,0.7163,1.2111,1.1804,0.4282,0.8651,1.0123,0.9046,0.7624,0.8549,1.0476,1.3114,0.8156,1.0069,0.7549,1.2998,1.2853,0.4599,0.956,1.0629,0.6175,0.6865,0.9079,0.962,0.6515,0.8665,0.5954,1.0703,1.0469,0.3741,0.7866,0.8739,0.6022,0.6879,0.8097,0.5669,0.7281,0.507,0.8771,0.8715,0.4144,0.7568,0.735,1.0473,0.9266,0.7466,0.8713,0.531,0.992,1.0399,0.4212,0.7469,1.065,1.091,0.9093,1.1232,0.6002,1.213,1.2255,0.486,0.9071,1.2143,0.9354,1.0331,0.8025,1.3456,1.3505,0.4649,0.9902,1.1346,0.7941,0.5272,0.9545,0.9679,0.3565,0.7016,0.9064,0.6166,1.1188,1.1221,0.5374,0.9887,1.037,0.9026,0.85,0.3007,0.6667,0.6941,1.5081,0.5255,1.1193,1.2564,0.508,1.0761,1.2691,0.5265,0.4866,0.9213
positive42-2.txt_gi|125905|sp|P21664.1|LACB2_FELCA,0.8082,1.5726,1.3699,1.4411,0.2406,1.5556,1.9278,0.5784,1.1086,1.246,1.2586,1.9667,1.1601,1.1301,0.6554,1.3206,1.7108,0.4348,1.0739,1.5839,0.8839,0.8058,0.8171,0.3026,0.8771,0.9847,0.5264,0.7015,0.825,0.8347,1.0585,0.766,0.7401,0.4939,0.9218,1.0324,0.3912,0.7229,1.0094,1.2948,1.2914,0.3826,1.4722,1.588,0.7595,1.1253,1.0809,1.0883,1.6703,1.0529,0.9873,0.7772,1.2356,1.441,0.5945,0.964,1.2135,1.3062,0.3208,1.2928,1.46,0.7155,1.0112,0.9526,0.9268,1.4774,0.9,0.8493,0.7315,1.2043,1.2962,0.5213,0.8313,1.0842,0.3292,1.3517,1.5692,0.7144,0.9362,0.9122,0.8949,1.521,0.8322,0.7673,0.7946,1.1984,1.2587,0.5271,0.7352,1.0159,0.383,0.4112,0.2301,0.3034,0.3306,0.3398,0.4465,0.318,0.3206,0.204,0.3705,0.4433,0.1566,0.3085,0.3996,1.6558,0.7374,1.0422,1.056,1.048,1.6336,0.9914,0.9132,0.8076,1.2486,1.4051,0.6124,0.8911,1.1727,0.7828,1.1186,1.1707,1.1804,1.8293,1.0757,1.0119,0.9167,1.3836,1.5392,0.6733,0.9544,1.3067,0.5721,0.5005,0.5163,0.86,0.4978,0.4399,0.4139,0.6909,0.744,0.287,0.4755,0.6187,0.8765,0.8921,1.1872,0.8502,0.8584,0.5119,0.9755,1.1347,0.4531,0.907,1.0276,1.1845,1.2295,1.1266,1.0721,0.5566,1.0232,1.2404,0.4832,0.941,1.3308,1.2358,1.0831,1.079,0.5642,1.0231,1.2226,0.4539,0.9693,1.2802,1.1792,1.0807,0.8837,1.4594,1.6194,0.6947,1.0424,1.3996,1.0078,0.5265,0.9505,1.1914,0.4192,0.9065,1.2354,0.4828,0.9142,1.1464,0.4423,0.999,1.1675,0.7469,0.812,0.302,0.4133,0.622,1.3824,0.5402,0.9133,1.2227,0.5794,1.119,1.4734,0.4769,0.5441,1.1086
positive42-2.txt_gi|182093|gb|AAA35802.1|,1.107,1.0407,0.9876,1.1399,0.1853,1.0902,1.6442,0.6653,0.8649,1.348,1.3748,1.8266,1.2848,1.092,0.6297,1.1138,1.2773,0.1473,0.8907,1.4099,0.8251,0.8345,0.8324,0.3308,0.8908,1.0374,0.6609,0.7366,1.0098,1.017,1.1577,0.9503,0.8369,0.596,0.9678,1.047,0.2354,0.657,1.0747,0.8375,0.8483,0.2422,0.9456,1.1094,0.5947,0.7046,0.8447,0.8405,1.2632,0.8533,0.6829,0.6399,0.8764,0.9663,0.2201,0.5084,0.9236,0.9869,0.2129,0.9005,1.1384,0.6633,0.7038,0.8412,0.8099,1.1718,0.7946,0.6629,0.6333,0.9513,0.9533,0.2087,0.5518,0.9017,0.1961,0.9598,1.2661,0.6722,0.7381,0.8052,0.766,1.2679,0.7638,0.6566,0.6797,0.9975,0.9686,0.2136,0.553,0.8782,0.2603,0.294,0.1856,0.2204,0.3254,0.3524,0.3512,0.3479,0.3249,0.1586,0.2667,0.3047,0.0739,0.2501,0.3545,1.2583,0.6426,0.7597,0.8934,0.8695,1.3078,0.8886,0.7397,0.6326,0.9311,1.0338,0.2319,0.5919,0.9766,0.7596,0.8944,1.0775,1.0219,1.6368,1.0348,0.877,0.7758,1.183,1.2262,0.289,0.722,1.1699,0.555,0.5285,0.558,0.7919,0.5359,0.4685,0.4439,0.6943,0.6771,0.1279,0.4205,0.5764,0.7434,0.7085,0.9943,0.7385,0.7093,0.5087,0.8045,0.8554,0.2124,0.6669,0.8223,1.2767,1.1761,1.1745,1.0425,0.6327,0.9725,1.0982,0.3105,0.7964,1.3122,1.1116,1.2155,1.0836,0.6017,0.9414,1.079,0.2857,0.7902,1.2843,1.1739,1.0027,0.8413,1.2456,1.3589,0.313,0.7763,1.2959,1.0251,0.5757,0.8952,1.075,0.2913,0.7549,1.2175,0.4508,0.7945,0.9379,0.2801,0.8499,1.0604,0.6746,0.7037,0.1353,0.3335,0.6651,1.0768,0.2407,0.6952,1.0588,0.2654,0.7396,1.2018,0.2848,0.3037,0.8128
positive42-2.txt_gi|1575762|gb|AAB09589.1|,1.5312,0.7673,1.3098,1.1904,0.3298,1.2337,1.4643,0.7191,0.604,0.8661,0.7814,1.5782,0.7531,0.7162,0.4119,1.9644,1.7332,0.2683,0.6524,0.8943,0.9021,1.2052,1.1038,0.5873,1.1976,1.2869,0.9231,0.7541,0.9154,0.8647,1.3197,0.9166,0.7787,0.6728,1.6615,1.5384,0.4297,0.746,1.0089,0.9303,0.8272,0.3496,0.937,0.9788,0.6061,0.5903,0.5695,0.5518,1.0744,0.5872,0.522,0.4753,1.102,1.0227,0.2893,0.5196,0.6169,1.1756,0.469,1.2096,1.3054,0.8286,0.7874,0.7207,0.7164,1.3497,0.761,0.6947,0.6135,1.4979,1.3447,0.3988,0.6943,0.7916,0.4089,1.1165,1.2573,0.7786,0.7031,0.6464,0.6546,1.2307,0.6814,0.6107,0.5907,1.3373,1.1894,0.3568,0.6079,0.7161,0.4559,0.4673,0.3282,0.3159,0.4429,0.4041,0.4897,0.4121,0.3619,0.2374,0.6612,0.6329,0.1907,0.3362,0.4534,1.2962,0.8055,0.7643,0.7506,0.7349,1.3577,0.7784,0.6891,0.6239,1.4413,1.3175,0.3947,0.6851,0.8225,0.8661,0.8069,0.8019,0.7882,1.4413,0.8156,0.7155,0.6786,1.5316,1.3893,0.4059,0.7064,0.8842,0.4901,0.5128,0.5168,0.891,0.5466,0.4536,0.4459,1.0501,0.9431,0.2596,0.4425,0.5783,0.5239,0.5242,0.8204,0.5447,0.5612,0.3813,0.919,0.8481,0.3445,0.5734,0.5575,0.7905,0.8147,0.7723,0.6467,0.3913,1.0048,1.0085,0.3341,0.5734,0.8525,0.7859,0.7512,0.6432,0.3872,0.9674,0.9543,0.3428,0.5745,0.7887,0.8345,0.7472,0.6997,1.5988,1.4642,0.4139,0.7328,0.887,0.6487,0.406,1.0278,1.0043,0.3506,0.5886,0.7855,0.3508,0.9116,0.878,0.4112,0.6629,0.6597,0.7826,0.7033,0.1988,0.3427,0.4366,1.7881,0.5104,0.8866,1.1021,0.4772,0.8341,1.0922,0.4068,0.3512,0.5984
positive42-2.txt_gi|662266|gb|AAA74407.1|,1.5196,0.8035,1.3403,1.0763,0.2464,1.218,1.4223,0.6556,0.679,0.7818,0.8247,1.4172,0.8386,0.5909,0.4159,1.9094,1.5968,0.2659,0.6194,1.0255,0.9105,1.2216,1.0446,0.5404,1.1919,1.2664,0.9073,0.8015,0.8902,0.9024,1.2567,0.9635,0.6799,0.7055,1.6411,1.4867,0.4076,0.7016,1.0862,0.9699,0.8155,0.3212,0.959,0.9996,0.585,0.6382,0.553,0.5675,1.0527,0.6215,0.445,0.4947,1.1124,0.9823,0.2809,0.4922,0.6512,1.1426,0.4331,1.2204,1.3079,0.798,0.8574,0.7258,0.7476,1.3002,0.819,0.619,0.6281,1.4954,1.3231,0.3965,0.6771,0.8573,0.3621,1.0608,1.192,0.6826,0.7276,0.6275,0.6408,1.1177,0.6958,0.5201,0.5688,1.2797,1.1269,0.3364,0.5657,0.7372,0.4153,0.4336,0.304,0.2989,0.376,0.3826,0.4349,0.3994,0.2894,0.2396,0.593,0.5667,0.1644,0.288,0.4483,1.2875,0.7635,0.8123,0.7206,0.7483,1.2883,0.8092,0.579,0.6367,1.4335,1.2598,0.3652,0.6332,0.8486,0.8179,0.8633,0.7689,0.7952,1.3611,0.8533,0.61,0.6822,1.5193,1.3299,0.3857,0.6658,0.9065,0.4986,0.4836,0.509,0.8066,0.5487,0.3799,0.4225,1.0229,0.885,0.2357,0.4009,0.5895,0.5234,0.5566,0.8394,0.5976,0.5286,0.4183,0.9741,0.8656,0.3575,0.5879,0.6125,0.7836,0.7563,0.7871,0.5673,0.404,0.9648,0.939,0.3066,0.5368,0.8809,0.7731,0.8212,0.6064,0.4146,0.9946,0.9528,0.3313,0.573,0.8819,0.8397,0.5926,0.6754,1.5152,1.3317,0.373,0.6473,0.8891,0.6208,0.443,1.0718,1.0207,0.3461,0.5997,0.8993,0.3149,0.7797,0.7473,0.3759,0.5895,0.6426,0.8108,0.7168,0.2004,0.3376,0.4845,1.7015,0.4817,0.8254,1.1592,0.4508,0.7723,1.1311,0.3924,0.3519,0.6174
positive42-2.txt_gi|46411093|gb|AAS94228.1|,1.4666,0.7475,1.2896,1.0693,0.2337,1.2034,1.2694,0.663,0.5724,0.8112,0.795,1.4448,0.8453,0.6366,0.4259,1.7684,1.5946,0.2688,0.6692,0.9963,0.867,1.1896,1.0146,0.5115,1.1699,1.1747,0.8771,0.7219,0.8954,0.8883,1.2476,0.9489,0.6959,0.7063,1.5524,1.4428,0.398,0.7089,1.0446,0.9076,0.7948,0.2922,0.9182,0.9064,0.5659,0.564,0.5431,0.5369,1.0228,0.5909,0.4353,0.4701,1.004,0.9365,0.2701,0.4895,0.6347,1.1166,0.4073,1.1823,1.1993,0.7947,0.7621,0.7303,0.738,1.2793,0.8014,0.6109,0.6197,1.4065,1.3024,0.3798,0.6752,0.8538,0.3375,1.0525,1.1186,0.6807,0.6582,0.6247,0.6267,1.1394,0.6834,0.5177,0.5651,1.2064,1.1207,0.3283,0.5787,0.7337,0.4003,0.3921,0.2877,0.2666,0.3737,0.3684,0.4157,0.3871,0.2914,0.2411,0.5558,0.5393,0.1563,0.2811,0.4213,1.2012,0.7476,0.7401,0.7338,0.7401,1.2865,0.8025,0.5866,0.6294,1.3462,1.2631,0.3625,0.6501,0.8559,0.7534,0.7383,0.7375,0.7401,1.2929,0.7963,0.5861,0.6464,1.3472,1.2616,0.3667,0.6538,0.8636,0.4505,0.5021,0.5185,0.8012,0.5515,0.3919,0.4353,0.9697,0.879,0.2286,0.4063,0.5863,0.4929,0.5078,0.7674,0.5515,0.4908,0.3797,0.8549,0.803,0.3245,0.5536,0.5599,0.7754,0.7704,0.8035,0.5889,0.4299,0.9607,0.9745,0.3096,0.5539,0.8833,0.7557,0.8095,0.606,0.4334,0.964,0.9556,0.3223,0.5686,0.8324,0.8305,0.5957,0.6678,1.4313,1.3366,0.372,0.6663,0.9097,0.6401,0.4582,1.0375,1.0286,0.3492,0.6143,0.8735,0.3307,0.7952,0.7761,0.3867,0.6271,0.6398,0.7728,0.7194,0.1925,0.3429,0.4983,1.6415,0.4726,0.8333,1.1228,0.4553,0.8002,1.1294,0.4091,0.3464,0.6186
positive42-2.txt_gi|33518665|gb|AAQ20815.1|,1.3382,0.606,1.4572,1.3748,0.2749,1.0043,1.3934,0.8369,0.519,0.9509,0.935,1.5467,0.7271,0.8803,0.6118,1.7327,1.7859,0.2941,0.8516,1.0637,0.7349,1.135,1.0668,0.4747,0.9989,1.1496,0.8899,0.6511,0.9596,0.9397,1.1848,0.8557,0.86,0.67,1.399,1.3977,0.4266,0.8364,1.0754,0.8253,0.7345,0.2728,0.7273,0.8175,0.5762,0.4714,0.5628,0.5661,0.909,0.5235,0.5628,0.4517,0.8921,0.8904,0.2802,0.5359,0.6214,1.2401,0.4327,1.1094,1.2831,0.9149,0.6974,0.8404,0.8497,1.3535,0.7671,0.8774,0.6981,1.4493,1.387,0.4171,0.8021,0.9562,0.372,1.0165,1.2688,0.878,0.6425,0.7852,0.7807,1.2498,0.7049,0.7744,0.7064,1.3232,1.2756,0.375,0.7261,0.8919,0.363,0.4147,0.3567,0.2581,0.3701,0.3686,0.4281,0.3314,0.3376,0.231,0.5386,0.5321,0.171,0.3247,0.4009,1.117,0.7786,0.6036,0.7415,0.7526,1.1634,0.6919,0.7256,0.6141,1.1951,1.16,0.3557,0.6791,0.8216,0.9328,0.6964,0.849,0.8362,1.3679,0.7843,0.8432,0.7314,1.3792,1.3308,0.4006,0.7808,0.9298,0.4804,0.6376,0.6527,0.9619,0.5895,0.6328,0.5209,1.0317,1.0321,0.297,0.5755,0.7137,0.5207,0.5023,0.71,0.462,0.5446,0.377,0.781,0.7555,0.3023,0.5816,0.5569,0.8859,0.9041,0.7755,0.7401,0.4872,1.0794,1.12,0.3591,0.6847,0.9502,0.9012,0.7782,0.7717,0.453,1.0648,1.0996,0.3568,0.6905,0.917,0.838,0.9079,0.7428,1.4313,1.4065,0.4307,0.807,0.9796,0.671,0.4148,0.9582,0.9768,0.3276,0.6071,0.8096,0.4375,1.0058,1.0213,0.4392,0.7991,0.8182,0.7912,0.8031,0.2147,0.4156,0.5407,1.6721,0.4807,0.9415,1.1939,0.4774,0.943,1.2475,0.4419,0.3893,0.7533
positive42-2.txt_gi|33518659|gb|AAQ20812.1|,1.5775,0.8137,1.3626,1.0385,0.248,1.2286,1.3832,0.6692,0.6612,0.771,0.8249,1.4328,0.834,0.5811,0.4152,1.9328,1.5763,0.2774,0.629,1.0222,0.9287,1.2519,1.0423,0.5539,1.2164,1.2611,0.9305,0.7983,0.8982,0.9158,1.2785,0.9767,0.6808,0.7253,1.6859,1.5024,0.4234,0.7128,1.1074,0.9862,0.8012,0.3231,0.9613,0.9899,0.5902,0.6296,0.5528,0.5728,1.0656,0.6261,0.4428,0.4943,1.1133,0.9819,0.2861,0.4983,0.6568,1.1345,0.4369,1.2328,1.3049,0.8094,0.8505,0.7246,0.7554,1.3252,0.8245,0.6109,0.6413,1.5102,1.3282,0.402,0.6822,0.8674,0.3571,1.0441,1.151,0.6748,0.6981,0.6083,0.6344,1.1051,0.6855,0.5048,0.5555,1.2548,1.1019,0.3347,0.558,0.7251,0.4179,0.4257,0.3088,0.2961,0.3744,0.3837,0.4358,0.3983,0.2846,0.2402,0.5975,0.5622,0.1676,0.2862,0.4493,1.2754,0.7753,0.7932,0.7157,0.7542,1.2951,0.8124,0.5726,0.6402,1.4396,1.2655,0.3709,0.6356,0.8533,0.8006,0.8291,0.7452,0.7796,1.3494,0.8385,0.5886,0.6747,1.4922,1.3084,0.3819,0.655,0.8891,0.4931,0.4814,0.5112,0.8167,0.5496,0.3799,0.4296,1.0355,0.8879,0.2478,0.4088,0.5934,0.5157,0.5537,0.8279,0.5928,0.5225,0.4083,0.961,0.8492,0.3615,0.5875,0.6094,0.776,0.7486,0.7801,0.5537,0.3976,0.9586,0.9332,0.3094,0.5338,0.8742,0.7746,0.8193,0.6033,0.4106,0.9965,0.9583,0.341,0.5786,0.8786,0.8431,0.586,0.6762,1.5145,1.3292,0.3792,0.6532,0.8902,0.6129,0.4402,1.0737,1.0174,0.3542,0.6019,0.8944,0.3094,0.7729,0.7305,0.3828,0.5892,0.6301,0.8186,0.7137,0.2014,0.3367,0.4853,1.6997,0.4941,0.8299,1.1666,0.454,0.7642,1.1296,0.4048,0.3579,0.617
positive42-2.txt_gi|3388165|gb|AAC28738.1|,0.9779,1.3139,1.2749,1.2169,0.5226,1.341,1.3526,0.8187,0.8604,1.0716,1.2185,1.5991,1.0574,0.9209,0.6776,1.4914,1.4804,0.3066,0.9497,1.2713,0.8879,0.9329,0.8447,0.5136,0.936,0.9033,0.7289,0.687,0.8116,0.8578,1.046,0.8222,0.6885,0.6195,1.09,1.064,0.3259,0.7275,0.9043,1.1631,1.0358,0.5549,1.2154,1.1482,0.7311,0.8531,0.8659,0.936,1.3424,0.8965,0.7956,0.6339,1.1833,1.1391,0.3679,0.8682,0.9226,1.1499,0.5633,1.1982,1.1572,0.8241,0.8763,0.8571,0.9428,1.2926,0.8983,0.7908,0.6856,1.2504,1.2106,0.375,0.8535,0.9211,0.4837,1.0917,1.1426,0.7539,0.8275,0.7954,0.8721,1.1779,0.8192,0.7595,0.701,1.1509,1.108,0.3546,0.8313,0.8394,0.5472,0.4901,0.4217,0.4273,0.5767,0.5921,0.6257,0.5316,0.491,0.3315,0.6477,0.6571,0.2042,0.479,0.6391,1.25,0.8041,0.9118,0.8794,1.0058,1.3432,0.9519,0.8108,0.7135,1.2503,1.1902,0.42,0.8758,0.9526,0.7462,0.928,0.8175,0.9371,1.301,0.8593,0.7549,0.7297,1.1889,1.1283,0.3928,0.8793,0.9002,0.5756,0.665,0.6823,0.8893,0.7014,0.5703,0.5232,0.9136,0.9174,0.2735,0.5915,0.7204,0.6722,0.7393,0.9377,0.6667,0.6654,0.5314,0.9068,0.8507,0.3066,0.7405,0.7147,1.0411,0.9194,0.9482,0.8124,0.5081,0.9732,1.0479,0.3666,0.769,1.1081,1.0268,1.045,0.8852,0.582,1.0426,1.0518,0.4445,0.8278,1.1026,0.9603,0.8411,0.7997,1.3603,1.2955,0.4152,0.92,1.0122,0.8058,0.5357,1.0113,1.0239,0.3857,0.747,0.9961,0.497,0.8812,0.8485,0.3749,0.7927,0.848,0.8098,0.7511,0.2341,0.5105,0.5695,1.3846,0.4197,0.9141,1.0813,0.4144,0.8897,1.1602,0.3626,0.3969,0.8292
positive42-2.txt_gi|33518719|gb|AAQ20842.1|,1.3696,0.63,1.2013,1.2244,0.3216,1.2422,1.4726,0.8202,0.4791,1.1037,0.9266,1.6648,0.7021,0.7681,0.5423,1.8156,1.7808,0.1764,0.7594,1.1018,0.7373,1.0487,1.0695,0.4632,1.1083,1.1803,0.89,0.6288,0.9695,0.8787,1.2365,0.8182,0.7573,0.7012,1.4621,1.4371,0.3336,0.7445,1.01,0.7574,0.7139,0.2871,0.8132,0.8262,0.5362,0.4562,0.5998,0.5354,0.9754,0.4945,0.4988,0.4213,0.9194,0.8902,0.2158,0.5033,0.6094,1.081,0.3932,1.1014,1.1852,0.8453,0.6138,0.7655,0.7049,1.2743,0.6387,0.6636,0.5769,1.3131,1.2049,0.2895,0.6718,0.7733,0.3684,1.0822,1.224,0.8286,0.6066,0.7414,0.6966,1.2206,0.629,0.63,0.6182,1.2973,1.2405,0.2735,0.6563,0.7812,0.4057,0.4283,0.2811,0.2405,0.4366,0.3958,0.4601,0.3616,0.3469,0.242,0.5831,0.5628,0.152,0.3454,0.4315,1.273,0.8018,0.6444,0.8673,0.7718,1.3516,0.7199,0.6946,0.6342,1.3355,1.2776,0.3102,0.7089,0.8653,0.8675,0.6814,0.8994,0.8162,1.4154,0.7417,0.6969,0.7258,1.4218,1.3337,0.3073,0.727,0.9197,0.4457,0.5902,0.5791,0.9318,0.5266,0.5236,0.4863,1.0368,0.9769,0.2413,0.5016,0.6381,0.544,0.5018,0.7337,0.4408,0.5,0.3359,0.7262,0.7666,0.2348,0.5357,0.5312,0.9242,0.9699,0.8151,0.7784,0.4502,1.0955,1.1792,0.3081,0.7392,1.0563,0.8514,0.7739,0.7069,0.4234,1.0039,1.0609,0.2924,0.6812,0.9195,0.7942,0.822,0.6947,1.5219,1.4779,0.3484,0.8128,1.002,0.6252,0.3865,0.917,0.9641,0.2613,0.5979,0.8208,0.3499,0.8756,0.9378,0.3188,0.722,0.7768,0.8035,0.7277,0.1735,0.3614,0.4799,1.6733,0.3839,0.8773,1.1039,0.3978,0.925,1.2087,0.3284,0.3061,0.7249
positive42-2.txt_Q2LE37.1|APOM_PIG,1.1235,0.834,0.9929,0.8347,0.2982,1.3586,1.2693,0.5416,0.7482,1.0262,1.0682,1.1734,1.1973,0.7778,0.5284,1.6324,1.3061,0.2974,0.7335,1.0529,0.7777,0.9111,0.7986,0.5182,1.0609,1.014,0.7133,0.7335,0.8894,0.874,0.9842,0.9852,0.6704,0.652,1.3095,1.1459,0.3654,0.6611,0.9646,0.8297,0.7287,0.3663,1.036,0.9754,0.4711,0.7289,0.6732,0.6943,0.9732,0.7903,0.5379,0.5516,1.0262,0.9168,0.3119,0.5732,0.7062,0.8798,0.434,1.1111,1.0773,0.5939,0.7939,0.7663,0.7725,1.0233,0.8792,0.6005,0.6128,1.2101,1.0615,0.331,0.6292,0.804,0.3721,1.0061,0.9997,0.5315,0.6874,0.6494,0.6519,0.9203,0.7522,0.4991,0.5532,1.0676,0.9306,0.2716,0.5209,0.6856,0.4986,0.4741,0.3057,0.3522,0.4751,0.4722,0.4598,0.5052,0.3486,0.299,0.6111,0.5537,0.1851,0.3363,0.4957,1.3008,0.6586,0.9471,0.8917,0.9087,1.2498,1.0363,0.7073,0.7442,1.3809,1.2155,0.4055,0.7506,0.9387,0.6328,0.8908,0.8233,0.8327,1.1965,0.9594,0.6457,0.7223,1.333,1.1666,0.3658,0.6892,0.8718,0.4654,0.5376,0.5333,0.6034,0.6054,0.4163,0.3972,0.8382,0.7033,0.2277,0.4045,0.5839,0.6848,0.7,0.8634,0.7794,0.6101,0.5075,0.9622,0.8426,0.364,0.6479,0.7,1.0364,0.8137,1.0898,0.8176,0.48,1.0321,0.9873,0.4362,0.7536,1.0269,0.8277,1.1181,0.8421,0.4755,1.0277,0.9852,0.449,0.7721,1.0289,0.9476,0.6386,0.6909,1.2849,1.1356,0.3642,0.6742,0.8614,0.8763,0.5459,1.1717,1.1057,0.4696,0.816,1.0963,0.3631,0.7933,0.7435,0.4582,0.7354,0.801,0.8102,0.7084,0.1995,0.397,0.5236,1.4243,0.4369,0.8041,1.1106,0.4015,0.7334,1.0471,0.4482,0.4258,0.7439
positive42-2.txt_Q9Z1R3.1|APOM_MOUSE,1.115,0.8469,1.0035,0.7883,0.2915,1.3609,1.2668,0.5455,0.7428,0.9343,1.0471,1.1852,1.1885,0.7626,0.5268,1.6388,1.3,0.3037,0.7193,1.0176,0.7857,0.9165,0.7647,0.5107,1.0617,1.0121,0.7109,0.7283,0.8186,0.8542,0.9885,0.9729,0.6523,0.6519,1.3109,1.1407,0.3696,0.6478,0.9369,0.8434,0.7147,0.3652,1.046,0.9851,0.4783,0.7341,0.6412,0.6898,0.9864,0.7937,0.5306,0.5568,1.0402,0.9246,0.319,0.5719,0.6986,0.8567,0.4303,1.1182,1.0802,0.5938,0.7951,0.7274,0.7647,1.036,0.8775,0.5899,0.6193,1.2196,1.0636,0.339,0.627,0.7899,0.3539,0.9769,0.9686,0.4904,0.6625,0.5877,0.6151,0.8986,0.7177,0.4641,0.538,1.0298,0.8958,0.2642,0.4986,0.6426,0.4934,0.4686,0.3016,0.345,0.4448,0.4617,0.4546,0.4971,0.3399,0.2961,0.6061,0.5482,0.1859,0.3277,0.4824,1.3016,0.6555,0.9451,0.8381,0.8946,1.2567,1.03,0.6883,0.7465,1.3861,1.2142,0.4099,0.7422,0.9195,0.6224,0.8888,0.7728,0.8196,1.2017,0.9527,0.6269,0.7233,1.3331,1.161,0.3695,0.6833,0.8522,0.4619,0.4915,0.5194,0.6085,0.5954,0.4026,0.3978,0.8367,0.6944,0.2327,0.3958,0.563,0.6353,0.6847,0.8646,0.7706,0.5941,0.5071,0.9602,0.8374,0.3666,0.6372,0.6809,0.9799,0.764,1.0323,0.7619,0.4484,0.9688,0.9314,0.4125,0.6943,0.9558,0.813,1.101,0.8236,0.4671,1.0157,0.9715,0.4504,0.7508,1.0002,0.9426,0.6219,0.6943,1.2961,1.1383,0.3692,0.6669,0.8428,0.8611,0.5415,1.1691,1.0999,0.4746,0.7996,1.0729,0.354,0.7811,0.7298,0.4591,0.7181,0.7745,0.814,0.7078,0.2024,0.3936,0.5131,1.4239,0.4473,0.7993,1.0908,0.4082,0.7263,1.0279,0.4488,0.4221,0.7153
