Seq:	G	T	T	G	T	T	G	C	A	G	T	T	G	G	A	T	A	T	A	G	A	C	C	A	C	G	G	A	G	A	
A:	2.327000e-03	-4.756300e-01	-1.813820e-01	1.750360e-01	1.786200e-01	-1.575100e-02	1.885470e-01	-1.953900e-02	0	-5.931370e-01	1.817650e-01	-3.013020e-01	1.840460e-01	1.763250e-01	0	1.733910e-01	0	-6.647350e-01	0	-1.637850e-01	0	-3.129650e-01	-2.628500e-01	0	-3.564220e-01	-5.147070e-01	-2.204780e-01	0	8.157100e-02	0	
G:	0	-3.406820e-01	-4.465400e-02	0	-2.437730e-01	-1.520960e-01	0	1.005070e-01	1.745560e-01	0	1.868840e-01	-2.260830e-01	0	0	-7.720830e-01	1.600730e-01	3.404600e-02	-7.447720e-01	-6.457120e-01	0	-6.941100e-02	1.386490e-01	-3.534200e-02	1.850370e-01	1.786810e-01	0	0	-7.296720e-01	0	8.127000e-03	
C:	4.378300e-02	-1.455170e-01	-2.171000e-01	1.150060e-01	-1.741300e-02	-3.597280e-01	1.866210e-01	0	1.860210e-01	-2.775500e-02	1.618440e-01	2.091800e-02	1.723120e-01	1.497340e-01	-7.607180e-01	-2.790700e-02	-3.327520e-01	-4.494070e-01	-6.424470e-01	1.822890e-01	-1.552280e-01	0	0	-6.682140e-01	0	-5.881520e-01	1.011970e-01	-1.665330e-01	3.472000e-03	6.672600e-02	
T:	2.562300e-02	0	0	-2.154630e-01	0	0	1.882770e-01	1.760860e-01	1.772780e-01	-5.101660e-01	0	0	1.444380e-01	1.684370e-01	-7.162530e-01	0	5.482700e-02	0	-2.468940e-01	1.861140e-01	-3.888370e-01	-3.988770e-01	-7.653650e-01	-7.798750e-01	-4.809530e-01	-6.586210e-01	1.534000e-02	1.502260e-01	7.124400e-02	-2.198990e-01	
