Seq:	G	T	T	G	T	T	G	C	A	G	T	T	G	G	A	T	A	T	A	G	A	C	C	A	C	G	G	A	G	A	
A:	-4.900000e-05	-1.100000e-05	-3.000000e-05	1.400000e-05	5.000000e-06	-2.900000e-05	2.300000e-05	-2.000000e-05	0	-9.100000e-05	2.000000e-05	8.000000e-06	-4.700000e-05	-7.000000e-06	0	-1.190000e-04	0	-3.800000e-04	0	-4.500000e-05	0	-1.450000e-04	-3.900000e-05	0	1.300000e-05	-3.200000e-05	1.200000e-05	0	2.300000e-05	0	
G:	0	0.000000e+00	-4.700000e-05	0	-4.900000e-05	-3.150000e-04	0	6.000000e-06	2.400000e-05	0	2.000000e-05	-3.600000e-05	0	0	-2.840000e-04	-1.800000e-05	-1.740000e-04	-4.980000e-04	-2.680000e-04	0	-1.010000e-04	-7.900000e-05	3.000000e-06	2.400000e-05	2.200000e-05	0	0	-2.400000e-05	0	6.000000e-06	
C:	-4.000000e-06	7.000000e-06	7.000000e-06	-1.150000e-04	7.000000e-06	5.000000e-06	1.300000e-05	0	2.400000e-05	-4.500000e-05	-6.000000e-06	-2.200000e-05	-1.000000e-04	-2.000000e-05	-1.363000e-03	-3.245000e-03	-2.500000e-05	-1.020000e-04	-1.137000e-03	2.100000e-05	0.000000e+00	0	0	-3.100000e-05	0	-1.130000e-04	1.900000e-05	8.000000e-06	1.300000e-05	-2.000000e-06	
T:	-4.800000e-05	0	0	5.000000e-06	0	0	1.800000e-05	9.000000e-06	2.200000e-05	-8.300000e-05	0	0	-6.000000e-06	2.000000e-05	-6.690000e-04	0	-3.000000e-06	0	-1.500000e-04	2.200000e-05	-2.140000e-04	-1.266000e-03	-1.954000e-03	-9.690000e-04	1.300000e-05	-1.210000e-04	9.000000e-06	1.700000e-05	1.500000e-05	2.000000e-06	
