Confusion Matrix:
56	13	
31	48	
Predicting Performance:
ACC: 0.702703 
F1: 0.685714 
Recall: 0.607595 
Pre: 0.786885 
MCC: 0.424838 
AUC: 0.709595 
