Confusion Matrix:
52	15	
27	54	
Predicting Performance:
ACC: 0.716216 
F1: 0.720000 
Recall: 0.666667 
Pre: 0.782609 
MCC: 0.441810 
AUC: 0.721393 
