Confusion Matrix:
59	16	
16	57	
Predicting Performance:
ACC: 0.783784 
F1: 0.780822 
Recall: 0.780822 
Pre: 0.780822 
MCC: 0.567489 
AUC: 0.783744 
