Confusion Matrix:
51	27	
8	62	
Predicting Performance:
ACC: 0.763514 
F1: 0.779874 
Recall: 0.885714 
Pre: 0.696629 
MCC: 0.550193 
AUC: 0.769780 
