Confusion Matrix:
144	7	
18	58	
Predicting Performance:
ACC: 0.889868 
F1: 0.822695 
Recall: 0.763158 
Pre: 0.892308 
MCC: 0.748306 
AUC: 0.932381 
