Confusion Matrix:
102	10	
42	49	
Predicting Performance:
ACC: 0.743842 
F1: 0.653333 
Recall: 0.538462 
Pre: 0.830508 
MCC: 0.491970 
AUC: 0.724588 
