Confusion Matrix:
50	16	
14	68	
Predicting Performance:
ACC: 0.797297 
F1: 0.819277 
Recall: 0.829268 
Pre: 0.809524 
MCC: 0.588806 
AUC: 0.793422 
