Confusion Matrix:
143	8	
15	61	
Predicting Performance:
ACC: 0.898678 
F1: 0.841379 
Recall: 0.802632 
Pre: 0.884058 
MCC: 0.769133 
AUC: 0.874826 
