Confusion Matrix:
148	3	
18	58	
Predicting Performance:
ACC: 0.907489 
F1: 0.846715 
Recall: 0.763158 
Pre: 0.950820 
MCC: 0.791288 
AUC: 0.871645 
