Confusion Matrix:
49	25	
19	55	
Predicting Performance:
ACC: 0.702703 
F1: 0.714286 
Recall: 0.743243 
Pre: 0.687500 
MCC: 0.406745 
AUC: 0.702703 
