Confusion Matrix:
142	9	
9	67	
Predicting Performance:
ACC: 0.920705 
F1: 0.881579 
Recall: 0.881579 
Pre: 0.881579 
MCC: 0.821976 
AUC: 0.910988 
