Confusion Matrix:
54	20	
24	50	
Predicting Performance:
ACC: 0.702703 
F1: 0.694444 
Recall: 0.675676 
Pre: 0.714286 
MCC: 0.405999 
AUC: 0.702703 
