Confusion Matrix:
66	16	
15	51	
Predicting Performance:
ACC: 0.790541 
F1: 0.766917 
Recall: 0.772727 
Pre: 0.761194 
MCC: 0.576807 
AUC: 0.788803 
