Confusion Matrix:
412	17	
26	61	
Predicting Performance:
ACC: 0.916667 
F1: 0.739394 
Recall: 0.701149 
Pre: 0.782051 
MCC: 0.691430 
AUC: 0.830761 
