#name,A,R,N,D,C,E,Q,G,H,I,L,K,M,F,P,S,T,W,Y,V
id1,0.055900621,0.043478261,0.055900621,0.055900621,0.01863354,0.068322981,0.049689441,0.074534161,0.01242236,0.062111801,0.093167702,0.049689441,0.043478261,0.02484472,0.01242236,0.093167702,0.074534161,0.01242236,0.01863354,0.080745342
id3,0.067567568,0.074324324,0.040540541,0.047297297,0.013513514,0.060810811,0.02027027,0.087837838,0.033783784,0.074324324,0.101351351,0.067567568,0.02027027,0.013513514,0.040540541,0.054054054,0.081081081,0.013513514,0.047297297,0.040540541
id5,0.120104439,0.020887728,0.054830287,0.062663185,0.010443864,0.060052219,0.065274151,0.091383812,0.01305483,0.044386423,0.093994778,0.093994778,0.015665796,0.028720627,0.007832898,0.052219321,0.026109661,0.031331593,0.07310705,0.033942559
id7,0.082278481,0.037974684,0.056962025,0.056962025,0.006329114,0.063291139,0.03164557,0.050632911,0.03164557,0.082278481,0.050632911,0.050632911,0.03164557,0.012658228,0.044303797,0.107594937,0.101265823,0.012658228,0.044303797,0.044303797
id9,0.154539601,0.079201545,0.040566645,0.062459755,0,0.092079845,0.040566645,0.054732775,0.013522215,0.0515132,0.09272376,0.03090792,0.01545396,0.019961365,0.02318094,0.08628461,0.07083065,0.003219575,0.00515132,0.06310367
id11,0.097426471,0.033088235,0.071691176,0.040441176,0.009191176,0.082720588,0.055147059,0.03125,0.036764706,0.049632353,0.095588235,0.090073529,0.022058824,0.040441176,0.036764706,0.058823529,0.077205882,0.003676471,0.018382353,0.049632353
id13,0.079335793,0.040590406,0.055350554,0.038745387,0.018450185,0.08302583,0.070110701,0.040590406,0.036900369,0.057195572,0.105166052,0.075645756,0.022140221,0.036900369,0.038745387,0.051660517,0.077490775,0.005535055,0.033210332,0.033210332
id15,0.082706767,0.045112782,0.056390977,0.031954887,0.013157895,0.086466165,0.062030075,0.052631579,0.041353383,0.046992481,0.092105263,0.092105263,0.02443609,0.045112782,0.037593985,0.060150376,0.063909774,0.003759398,0.022556391,0.039473684
id17,0.105140187,0.109813084,0.030373832,0.051401869,0.007009346,0.08411215,0.018691589,0.049065421,0.044392523,0.053738318,0.10046729,0.03271028,0.025700935,0.039719626,0.053738318,0.044392523,0.046728972,0.014018692,0.014018692,0.074766355
id19,0.052238806,0.064676617,0.099502488,0.05721393,0.007462687,0.064676617,0.007462687,0.047263682,0.017412935,0.087064677,0.077114428,0.087064677,0.02238806,0.05721393,0.037313433,0.074626866,0.042288557,0.014925373,0.032338308,0.049751244
id21,0.071428571,0.056547619,0.0625,0.06547619,0.00297619,0.074404762,0.011904762,0.05952381,0.032738095,0.104166667,0.074404762,0.080357143,0.017857143,0.053571429,0.044642857,0.068452381,0.020833333,0.023809524,0.032738095,0.041666667
id23,0.064417178,0.055214724,0.070552147,0.04601227,0.003067485,0.073619632,0.021472393,0.058282209,0.027607362,0.09202454,0.085889571,0.076687117,0.024539877,0.052147239,0.042944785,0.067484663,0.021472393,0.027607362,0.039877301,0.049079755
id25,0.116504854,0.019417476,0.042071197,0.048543689,0.009708738,0.080906149,0.093851133,0.093851133,0.012944984,0.025889968,0.090614887,0.058252427,0.012944984,0.03236246,0.019417476,0.055016181,0.03236246,0.019417476,0.087378641,0.048543689
id27,0.090252708,0.090252708,0.032490975,0.083032491,0.018050542,0.068592058,0.0433213,0.054151625,0.014440433,0.061371841,0.079422383,0.036101083,0.014440433,0.061371841,0.039711191,0.025270758,0.054151625,0.014440433,0.032490975,0.086642599
id29,0.132575758,0.060606061,0.026515152,0.049242424,0.003787879,0.09469697,0.03030303,0.045454545,0.022727273,0.075757576,0.109848485,0.022727273,0.026515152,0.049242424,0.053030303,0.068181818,0.049242424,0.003787879,0.018939394,0.056818182
id31,0.132,0.052,0.008,0.06,0,0.08,0.064,0.036,0.024,0.056,0.08,0.12,0.02,0.04,0.012,0.108,0.04,0.008,0.02,0.04
id33,0.110526316,0.115789474,0.010526316,0.005263158,0,0.042105263,0.015789474,0.068421053,0.031578947,0.042105263,0.126315789,0.021052632,0.021052632,0.089473684,0.057894737,0.057894737,0.057894737,0.021052632,0.031578947,0.073684211
id35,0.110526316,0.047368421,0.010526316,0.068421053,0.010526316,0.063157895,0.031578947,0.063157895,0.010526316,0.047368421,0.084210526,0.084210526,0.031578947,0.031578947,0.057894737,0.073684211,0.063157895,0.031578947,0.015789474,0.063157895
id37,0.068783069,0.074074074,0.052910053,0.047619048,0.015873016,0.052910053,0.015873016,0.08994709,0.037037037,0.058201058,0.105820106,0.058201058,0.026455026,0.021164021,0.047619048,0.052910053,0.068783069,0.015873016,0.042328042,0.047619048
id39,0.07486631,0.096256684,0.021390374,0.053475936,0,0.026737968,0.053475936,0.106951872,0.010695187,0.048128342,0.117647059,0.010695187,0.026737968,0.032085561,0.069518717,0.053475936,0.064171123,0.010695187,0.037433155,0.085561497
id41,0.160583942,0.04379562,0.00729927,0.072992701,0.01459854,0.01459854,0.04379562,0.051094891,0,0.087591241,0.03649635,0.138686131,0.00729927,0.04379562,0.02189781,0.087591241,0.065693431,0.00729927,0.03649635,0.058394161
id43,0.060606061,0.03030303,0.111111111,0.070707071,0.01010101,0.050505051,0.02020202,0.070707071,0.01010101,0.02020202,0.090909091,0.111111111,0.070707071,0.060606061,0.02020202,0.060606061,0,0.01010101,0.090909091,0.03030303
id45,0.064546305,0.041159963,0.064546305,0.031805426,0.008419083,0.091674462,0.065481759,0.040224509,0.037418148,0.075771749,0.081384471,0.106641721,0.030869972,0.041159963,0.042095416,0.058933583,0.066417212,0.004677268,0.024321796,0.022450889
id47,0.051948052,0.038961039,0.051948052,0.038961039,0.012987013,0.090909091,0.012987013,0.12987013,0.025974026,0.077922078,0.103896104,0.090909091,0.012987013,0.012987013,0.038961039,0.025974026,0.077922078,0,0.064935065,0.038961039
id49,0.077922078,0.116883117,0.025974026,0.051948052,0.012987013,0.038961039,0.012987013,0.051948052,0.038961039,0.064935065,0.103896104,0.051948052,0.038961039,0.012987013,0.038961039,0.077922078,0.077922078,0.025974026,0.025974026,0.051948052
