#name,A,R,N,D,C,E,Q,G,H,I,L,K,M,F,P,S,T,W,Y,V
id1,0.075949367,0.037974684,0.053797468,0.050632911,0.044303797,0.075949367,0.047468354,0.03164557,0.022151899,0.075949367,0.10443038,0.056962025,0.022151899,0.047468354,0.025316456,0.094936709,0.047468354,0.006329114,0.041139241,0.037974684
id3,0.09352518,0.100719424,0.043165468,0.064748201,0.007194245,0.057553957,0.028776978,0.086330935,0.028776978,0.050359712,0.086330935,0.007194245,0.021582734,0.043165468,0.035971223,0.057553957,0.043165468,0.035971223,0.021582734,0.086330935
id5,0.133479212,0.074398249,0.006564551,0.052516411,0,0.078774617,0.072210066,0.111597374,0.024070022,0.030634573,0.124726477,0.032822757,0.01750547,0.01750547,0.032822757,0.072210066,0.04595186,0.004376368,0.013129103,0.054704595
id7,0.131274131,0.038610039,0.019305019,0.015444015,0,0.030888031,0.057915058,0.077220077,0.027027027,0.027027027,0.073359073,0.046332046,0.023166023,0.030888031,0.127413127,0.138996139,0.073359073,0,0.015444015,0.046332046
id9,0.081045752,0.058823529,0.05620915,0.041830065,0.010457516,0.109803922,0.047058824,0.031372549,0.018300654,0.066666667,0.108496732,0.033986928,0.02745098,0.033986928,0.049673203,0.075816993,0.065359477,0.014379085,0.023529412,0.045751634
id11,0.021276596,0.04787234,0.085106383,0.063829787,0.021276596,0.053191489,0.037234043,0.04787234,0.015957447,0.095744681,0.058510638,0.106382979,0.026595745,0.04787234,0.005319149,0.122340426,0.042553191,0.005319149,0.031914894,0.063829787
id13,0.072164948,0.056701031,0.077319588,0.056701031,0.020618557,0.030927835,0.036082474,0.067010309,0.010309278,0.087628866,0.056701031,0.092783505,0.041237113,0.041237113,0.010309278,0.118556701,0.046391753,0.010309278,0.015463918,0.051546392
id15,0.069686411,0.073170732,0.06097561,0.043554007,0.012195122,0.088850174,0.050522648,0.033101045,0.024390244,0.040069686,0.153310105,0.026132404,0.013937282,0.034843206,0.047038328,0.085365854,0.059233449,0.017421603,0.017421603,0.048780488
id17,0.076106195,0.065486726,0.07079646,0.046017699,0.007079646,0.088495575,0.051327434,0.028318584,0.028318584,0.030088496,0.130973451,0.031858407,0.014159292,0.044247788,0.038938053,0.097345133,0.05840708,0.015929204,0.024778761,0.051327434
id19,0.13174946,0.069114471,0.051835853,0.047516199,0.004319654,0.045356371,0.095032397,0.060475162,0.032397408,0.028077754,0.099352052,0.036717063,0.030237581,0.017278618,0.05399568,0.066954644,0.041036717,0.002159827,0.017278618,0.069114471
id21,0.089147287,0.108527132,0.058139535,0.062015504,0.001937984,0.067829457,0.054263566,0.036821705,0.01744186,0.031007752,0.09496124,0.011627907,0.021317829,0.025193798,0.071705426,0.102713178,0.058139535,0.009689922,0.009689922,0.067829457
id23,0.041841004,0.066945607,0.054393305,0.054393305,0.020920502,0.062761506,0.071129707,0.037656904,0.016736402,0.071129707,0.087866109,0.054393305,0.029288703,0.054393305,0.050209205,0.09623431,0.012552301,0.008368201,0.050209205,0.058577406
id25,0.053191489,0.027659574,0.078723404,0.065957447,0.012765957,0.061702128,0.031914894,0.025531915,0.038297872,0.095744681,0.082978723,0.09787234,0.021276596,0.059574468,0.023404255,0.095744681,0.042553191,0,0.040425532,0.044680851
id27,0.075842697,0.016853933,0.056179775,0.04494382,0,0.025280899,0.064606742,0.213483146,0.002808989,0.036516854,0.112359551,0.050561798,0.061797753,0.028089888,0.025280899,0.115168539,0.036516854,0.005617978,0.011235955,0.016853933
id29,0.110810811,0.010810811,0.059459459,0.078378378,0,0.024324324,0.083783784,0.156756757,0.002702703,0.032432432,0.113513514,0.02972973,0.018918919,0.016216216,0.032432432,0.116216216,0.062162162,0.002702703,0,0.048648649
id31,0.134831461,0.043539326,0.033707865,0.047752809,0,0.051966292,0.061797753,0.074438202,0.028089888,0.029494382,0.105337079,0.051966292,0.026685393,0.02247191,0.050561798,0.088483146,0.064606742,0.001404494,0.012640449,0.070224719
id33,0.092250923,0.05904059,0.051660517,0.05904059,0.011070111,0.062730627,0.066420664,0.070110701,0.014760148,0.018450185,0.081180812,0.022140221,0.022140221,0.029520295,0.04797048,0.143911439,0.088560886,0.007380074,0.022140221,0.029520295
id35,0.082644628,0.020661157,0.059917355,0.095041322,0,0.030991736,0.053719008,0.107438017,0.016528926,0.041322314,0.049586777,0.051652893,0.026859504,0.020661157,0.068181818,0.055785124,0.08677686,0.010330579,0.022727273,0.099173554
id37,0.075451066,0.056861673,0.055768179,0.056861673,0.003827228,0.049207217,0.06779661,0.073810826,0.030617824,0.043739748,0.110442865,0.060688901,0.019682887,0.030071077,0.042099508,0.092946966,0.060688901,0.005467469,0.016949153,0.04702023
id39,0.077142857,0.068571429,0.06,0.045714286,0.017142857,0.077142857,0.031428571,0.051428571,0.028571429,0.048571429,0.068571429,0.057142857,0.034285714,0.048571429,0.037142857,0.14,0.028571429,0.005714286,0.031428571,0.042857143
id41,0.067901235,0.049382716,0.030864198,0.041152263,0.004115226,0.106995885,0.08436214,0.022633745,0.018518519,0.04526749,0.102880658,0.08436214,0.026748971,0.020576132,0.053497942,0.113168724,0.065843621,0.004115226,0.008230453,0.049382716
id43,0.033707865,0.033707865,0.016853933,0.050561798,0.011235955,0.08988764,0.04494382,0.016853933,0.061797753,0.04494382,0.185393258,0.061797753,0.011235955,0.033707865,0.084269663,0.08988764,0.084269663,0.011235955,0.005617978,0.028089888
id45,0.102827763,0.023136247,0.053984576,0.05655527,0.002570694,0.043701799,0.05655527,0.048843188,0.015424165,0.05655527,0.115681234,0.064267352,0.025706941,0.030848329,0.033419023,0.084832905,0.074550129,0.002570694,0.041131105,0.066838046
id47,0.060606061,0.068181818,0.022727273,0.03030303,0.007575758,0.087121212,0.026515152,0.049242424,0.022727273,0.049242424,0.128787879,0.056818182,0.041666667,0.060606061,0.056818182,0.056818182,0.03030303,0.03030303,0.045454545,0.068181818
id49,0.077464789,0.021126761,0.070422535,0.070422535,0.014084507,0.084507042,0.056338028,0.049295775,0.021126761,0.063380282,0.105633803,0.028169014,0.014084507,0.077464789,0.028169014,0.084507042,0.049295775,0.007042254,0.049295775,0.028169014
