#name,A,R,N,D,C,E,Q,G,H,I,L,K,M,F,P,S,T,W,Y,V
testT4.txt_Q5ZWG4,0.05859375,0.0390625,0.05078125,0.0703125,0,0.10546875,0.03515625,0.04296875,0.01953125,0.08203125,0.12890625,0.06640625,0.015625,0.02734375,0.03125,0.06640625,0.07421875,0,0.0234375,0.0625
testT4.txt_Q5ZU39,0.045669291,0.050393701,0.083464567,0.034645669,0.006299213,0.100787402,0.081889764,0.02992126,0.033070866,0.062992126,0.11496063,0.05984252,0.02519685,0.022047244,0.02992126,0.086614173,0.045669291,0.003149606,0.040944882,0.042519685
testT4.txt_Q5ZWD3,0.053459119,0.022012579,0.059748428,0.022012579,0.006289308,0.08490566,0.075471698,0.040880503,0.018867925,0.075471698,0.110062893,0.06918239,0.018867925,0.037735849,0.044025157,0.088050314,0.078616352,0.012578616,0.040880503,0.040880503
testT4.txt_NP_820705.1,0.064257028,0.033467202,0.046854083,0.0562249,0.017402945,0.085676037,0.058902276,0.037483266,0.020080321,0.064257028,0.113788487,0.080321285,0.012048193,0.061579652,0.044176707,0.065595716,0.045515395,0.012048193,0.036144578,0.044176707
testT4.txt_Q5ZWY9,0.074168798,0.063938619,0.051150895,0.040920716,0.00511509,0.05370844,0.076726343,0.058823529,0.030690537,0.061381074,0.074168798,0.051150895,0.010230179,0.040920716,0.069053708,0.063938619,0.066496164,0.015345269,0.035805627,0.056265985
testT4.txt_WP_011216437.1,0.04978355,0.032467532,0.106060606,0.043290043,0.006493506,0.069264069,0.04978355,0.051948052,0.021645022,0.093073593,0.095238095,0.0995671,0.023809524,0.056277056,0.043290043,0.051948052,0.038961039,0.006493506,0.03030303,0.03030303
testT4.txt_NP_819899.1,0.054298643,0.049773756,0.058823529,0.054298643,0.004524887,0.090497738,0.058823529,0.013574661,0.031674208,0.090497738,0.135746606,0.07239819,0.013574661,0.063348416,0.036199095,0.049773756,0.036199095,0.004524887,0.049773756,0.031674208
testT4.txt_Q5ZU49,0.05873494,0.036144578,0.073795181,0.045180723,0.015060241,0.042168675,0.049698795,0.030120482,0.040662651,0.078313253,0.143072289,0.081325301,0.021084337,0.061746988,0.03313253,0.067771084,0.046686747,0.004518072,0.030120482,0.040662651
testT4.txt_Q5ZRP8,0.075091575,0.025641026,0.036630037,0.06959707,0.010989011,0.082417582,0.049450549,0.023809524,0.04029304,0.086080586,0.10989011,0.067765568,0.016483516,0.053113553,0.032967033,0.058608059,0.049450549,0.018315018,0.032967033,0.06043956
testT4.txt_WP_012569937.1,0.096446701,0.045685279,0.055837563,0.030456853,0.005076142,0.015228426,0.101522843,0.030456853,0.010152284,0.050761421,0.086294416,0.07106599,0.020304569,0.010152284,0.07106599,0.07106599,0.101522843,0.005076142,0.045685279,0.076142132
testT4.txt_Q5ZTL4,0.05186722,0.029045643,0.047717842,0.049792531,0.012448133,0.109958506,0.041493776,0.05186722,0.01659751,0.060165975,0.087136929,0.097510373,0.031120332,0.037344398,0.03526971,0.06846473,0.074688797,0.008298755,0.041493776,0.047717842
testT4.txt_Q5ZWD7,0.077534791,0.041749503,0.053677932,0.067594433,0.007952286,0.061630219,0.041749503,0.083499006,0.027833002,0.071570577,0.095427435,0.061630219,0.033797217,0.027833002,0.043737575,0.069582505,0.059642147,0.003976143,0.027833002,0.041749503
testT4.txt_Q5ZRA8,0.058553387,0.043628014,0.050516648,0.060849598,0.004592423,0.075774971,0.040183697,0.037887486,0.029850746,0.052812859,0.109070034,0.079219288,0.016073479,0.056257176,0.043628014,0.059701493,0.070034443,0.012629162,0.043628014,0.05510907
testT4.txt_Q5ZU58,0.069518717,0.024064171,0.069518717,0.058823529,0.002673797,0.072192513,0.058823529,0.056149733,0.010695187,0.061497326,0.080213904,0.101604278,0.013368984,0.06684492,0.048128342,0.058823529,0.06684492,0.005347594,0.029411765,0.045454545
testT4.txt_Q5ZRE6,0.073770492,0.06147541,0.020491803,0.028688525,0.016393443,0.090163934,0.069672131,0.073770492,0.024590164,0.073770492,0.106557377,0.06147541,0.028688525,0.028688525,0.057377049,0.045081967,0.040983607,0.008196721,0.016393443,0.073770492
testT4.txt_Q5ZUS4,0.049541284,0.034862385,0.064220183,0.071559633,0.00733945,0.056880734,0.056880734,0.055045872,0.025688073,0.067889908,0.108256881,0.082568807,0.025688073,0.051376147,0.027522936,0.073394495,0.042201835,0.005504587,0.051376147,0.042201835
testT4.txt_WP_010947428.1,0.060714286,0.035714286,0.057142857,0.039285714,0.005357143,0.089285714,0.073214286,0.019642857,0.033928571,0.076785714,0.1375,0.091071429,0.014285714,0.026785714,0.028571429,0.107142857,0.051785714,0.001785714,0.014285714,0.035714286
testT4.txt_Q5ZSJ4,0.068035944,0.029525032,0.068035944,0.050064185,0.011553273,0.068035944,0.05648267,0.062901155,0.032092426,0.065468549,0.088575096,0.094993582,0.015404365,0.037227214,0.033376123,0.062901155,0.050064185,0.006418485,0.046213094,0.052631579
testT4.txt_Q5ZWH6,0.067055394,0.051020408,0.045189504,0.048104956,0.002915452,0.078717201,0.037900875,0.017492711,0.026239067,0.081632653,0.103498542,0.104956268,0.020408163,0.055393586,0.040816327,0.096209913,0.06122449,0.010204082,0.027696793,0.023323615
testT4.txt_Q5ZWW5,0.048780488,0.016260163,0.048780488,0.040650407,0.024390244,0.081300813,0.036585366,0.040650407,0.028455285,0.089430894,0.109756098,0.093495935,0.024390244,0.048780488,0.052845528,0.06097561,0.056910569,0.008130081,0.020325203,0.069105691
testT4.txt_WP_010947059.1,0.071863581,0.014616322,0.09500609,0.025578563,0.040194884,0.015834348,0.051157125,0.087697929,0.001218027,0.053593179,0.068209501,0.015834348,0.015834348,0.037758831,0.079171742,0.087697929,0.12545676,0.014616322,0.035322777,0.063337393
testT4.txt_Q5ZRR5,0.070278184,0.029282577,0.058565154,0.040995608,0.004392387,0.060029283,0.042459736,0.048316252,0.033674963,0.081991215,0.117130307,0.080527086,0.021961933,0.055636896,0.043923865,0.05124451,0.057101025,0.023426061,0.033674963,0.045387994
testT4.txt_Q5ZSY4,0.064049587,0.026859504,0.088842975,0.047520661,0.012396694,0.059917355,0.04338843,0.04338843,0.022727273,0.068181818,0.136363636,0.064049587,0.022727273,0.055785124,0.039256198,0.078512397,0.055785124,0.010330579,0.024793388,0.035123967
testT4.txt_WP_010946171.1,0.073496659,0.031180401,0.073496659,0.04454343,0,0.046770601,0.073496659,0.053452116,0.04454343,0.069042316,0.097995546,0.048997773,0.031180401,0.053452116,0.040089087,0.048997773,0.057906459,0.020044543,0.055679287,0.035634744
testT4.txt_WP_010946263.1,0.04516129,0.041935484,0.077419355,0.048387097,0.009677419,0.074193548,0.038709677,0.041935484,0.038709677,0.061290323,0.093548387,0.061290323,0.029032258,0.04516129,0.051612903,0.05483871,0.038709677,0.016129032,0.058064516,0.074193548
testT4.txt_WP_010948114.1,0.046616541,0.022556391,0.061654135,0.052631579,0.022556391,0.064661654,0.039097744,0.04962406,0.034586466,0.090225564,0.109774436,0.085714286,0.012030075,0.060150376,0.042105263,0.082706767,0.058646617,0.010526316,0.028571429,0.02556391
testT4.txt_Q5ZTE7,0.073446328,0.039548023,0.071563089,0.04519774,0.009416196,0.06779661,0.043314501,0.050847458,0.033898305,0.047080979,0.099811676,0.080979284,0.028248588,0.060263653,0.026365348,0.06779661,0.030131827,0.003766478,0.041431262,0.079096045
testT4.txt_Q5ZZ39,0.062240664,0.049792531,0.045643154,0.058091286,0.008298755,0.078838174,0.037344398,0.066390041,0.004149378,0.053941909,0.087136929,0.078838174,0.029045643,0.033195021,0.029045643,0.070539419,0.087136929,0.012448133,0.053941909,0.053941909
testT4.txt_Q5ZYV1,0.113636364,0.03030303,0.060606061,0.037878788,0.007575758,0.060606061,0.022727273,0.045454545,0.022727273,0.060606061,0.098484848,0.045454545,0.03030303,0.060606061,0.037878788,0.068181818,0.075757576,0.007575758,0.045454545,0.068181818
testT4.txt_SS01678,0.117166213,0.111716621,0.032697548,0.029972752,0.024523161,0.049046322,0.04359673,0.068119891,0.04359673,0.032697548,0.04359673,0.051771117,0.010899183,0.013623978,0.092643052,0.054495913,0.089918256,0.010899183,0.021798365,0.057220708
testT4.txt_Q5ZWK2,0.026431718,0.035242291,0.070484581,0.052863436,0,0.092511013,0.030837004,0.039647577,0.022026432,0.114537445,0.114537445,0.092511013,0.013215859,0.057268722,0.008810573,0.088105727,0.044052863,0.013215859,0.035242291,0.04845815
testT4.txt_Q5ZS91,0.088,0.044,0.028,0.028,0.012,0.048,0.032,0.056,0.024,0.068,0.156,0.036,0.028,0.052,0.048,0.06,0.06,0.024,0.032,0.076
testT4.txt_Q5ZWY8,0.070945946,0.006756757,0.101351351,0.064189189,0.016891892,0.054054054,0.027027027,0.050675676,0.027027027,0.077702703,0.14527027,0.077702703,0.006756757,0.033783784,0.023648649,0.091216216,0.067567568,0.003378378,0.016891892,0.037162162
testT4.txt_Q5ZT54,0.077977721,0.042844901,0.062553556,0.059125964,0.001713796,0.084832905,0.042844901,0.050556984,0.018851757,0.04798629,0.101113967,0.098543273,0.016281063,0.035989717,0.053127678,0.065981148,0.059982862,0.005141388,0.023993145,0.050556984
testT4.txt_NP_820409.1,0.113333333,0.06,0.04,0.026666667,0.02,0.02,0.053333333,0.146666667,0.033333333,0.066666667,0.053333333,0.04,0.026666667,0.02,0.033333333,0.02,0.1,0.02,0.033333333,0.073333333
testT4.txt_Q5ZS82,0.076923077,0.044665012,0.062034739,0.034739454,0.014888337,0.089330025,0.066997519,0.029776675,0.024813896,0.052109181,0.111662531,0.062034739,0.029776675,0.054590571,0.029776675,0.071960298,0.049627792,0.014888337,0.032258065,0.047146402
testT4.txt_Q5ZRJ7,0.126530612,0.028571429,0.053061224,0.024489796,0.004081633,0.053061224,0.040816327,0.073469388,0.008163265,0.024489796,0.07755102,0.044897959,0.004081633,0.057142857,0.036734694,0.110204082,0.07755102,0.008163265,0.028571429,0.118367347
testT4.txt_Q5ZSH8,0.074074074,0.02962963,0.051851852,0.059259259,0.022222222,0.088888889,0.044444444,0.014814815,0.014814815,0.051851852,0.140740741,0.081481481,0.037037037,0.02962963,0.037037037,0.074074074,0.059259259,0.014814815,0.044444444,0.02962963
testT4.txt_Q5ZSV9,0.089108911,0.02970297,0.079207921,0.02970297,0,0.099009901,0.04950495,0.059405941,0.00990099,0.03960396,0.04950495,0.108910891,0.03960396,0.03960396,0.01980198,0.099009901,0.04950495,0.00990099,0.03960396,0.059405941
testT4.txt_Q5ZUA0,0.054908486,0.038269551,0.059900166,0.046589018,0.009983361,0.056572379,0.046589018,0.064891847,0.021630616,0.073211314,0.119800333,0.086522463,0.016638935,0.051580699,0.046589018,0.054908486,0.043261231,0.018302829,0.046589018,0.043261231
testT4.txt_Q5ZVJ1,0.051724138,0.045977011,0.064367816,0.047126437,0.010344828,0.07816092,0.047126437,0.055172414,0.025287356,0.075862069,0.093103448,0.07816092,0.018390805,0.057471264,0.035632184,0.072413793,0.048275862,0.008045977,0.035632184,0.051724138
testT4.txt_WP_011996398.1,0.043478261,0.068322981,0.037267081,0.037267081,0,0.099378882,0.049689441,0.043478261,0.01863354,0.037267081,0.105590062,0.180124224,0.01863354,0.055900621,0.02484472,0.031055901,0.062111801,0.00621118,0.02484472,0.055900621
testT4.txt_Q5ZW15,0.036723164,0.042372881,0.073446328,0.064971751,0.011299435,0.048022599,0.053672316,0.036723164,0.042372881,0.087570621,0.093220339,0.076271186,0.014124294,0.059322034,0.039548023,0.081920904,0.048022599,0.005649718,0.028248588,0.056497175
testT4.txt_Q5ZU22,0.06,0.052631579,0.055789474,0.065263158,0.004210526,0.084210526,0.044210526,0.047368421,0.018947368,0.055789474,0.107368421,0.091578947,0.015789474,0.034736842,0.048421053,0.068421053,0.044210526,0.005263158,0.033684211,0.062105263
testT4.txt_Q5ZVF6,0.063197026,0.040892193,0.07063197,0.029739777,0.018587361,0.085501859,0.055762082,0.029739777,0.029739777,0.081784387,0.115241636,0.07063197,0.026022305,0.05204461,0.026022305,0.07063197,0.055762082,0.003717472,0.048327138,0.026022305
testT4.txt_Q5ZSQ2,0.043392505,0.029585799,0.059171598,0.071005917,0.009861933,0.061143984,0.041420118,0.065088757,0.025641026,0.09270217,0.106508876,0.071005917,0.017751479,0.049309665,0.025641026,0.067061144,0.059171598,0.001972387,0.039447732,0.063116371
testT4.txt_Q5ZUS6,0.026315789,0.065789474,0.072368421,0.059210526,0,0.065789474,0.046052632,0.052631579,0.026315789,0.052631579,0.065789474,0.105263158,0.026315789,0.059210526,0.065789474,0.052631579,0.059210526,0.006578947,0.052631579,0.039473684
testT4.txt_Q5ZYH9,0.055749129,0.027874564,0.038327526,0.052264808,0.006968641,0.083623693,0.048780488,0.020905923,0.017421603,0.055749129,0.139372822,0.080139373,0.024390244,0.055749129,0.041811847,0.083623693,0.048780488,0.013937282,0.052264808,0.052264808
testT4.txt_WP_010974923.1,0.051169591,0.108187135,0.043859649,0.048245614,0,0.089181287,0.040935673,0.061403509,0.023391813,0.027777778,0.092105263,0.06871345,0.013157895,0.029239766,0.05994152,0.114035088,0.055555556,0.004385965,0.014619883,0.054093567
testT4.txt_Q5ZXN5,0.050877193,0.040350877,0.050877193,0.063157895,0.010526316,0.078947368,0.042105263,0.050877193,0.033333333,0.092982456,0.1,0.080701754,0.01754386,0.043859649,0.024561404,0.075438596,0.073684211,0.003508772,0.028070175,0.038596491
testT4.txt_Q5ZU43,0.046558704,0.034412955,0.059716599,0.058704453,0.016194332,0.076923077,0.050607287,0.042510121,0.011133603,0.081983806,0.120445344,0.12854251,0.015182186,0.035425101,0.027327935,0.064777328,0.048582996,0.004048583,0.034412955,0.042510121
testT4.txt_Q5ZWH5,0.064935065,0.038961039,0.069264069,0.056277056,0.017316017,0.069264069,0.034632035,0.047619048,0.025974026,0.103896104,0.116883117,0.073593074,0.03030303,0.038961039,0.021645022,0.064935065,0.038961039,0.008658009,0.047619048,0.03030303
testT4.txt_NP_957603.1,0.099173554,0.049586777,0.061983471,0.02892562,0.004132231,0.049586777,0.041322314,0.099173554,0.004132231,0.049586777,0.082644628,0.02892562,0.024793388,0.037190083,0.049586777,0.078512397,0.082644628,0.016528926,0.012396694,0.099173554
testT4.txt_Q5ZRP9,0.078904992,0.037037037,0.048309179,0.056360709,0.003220612,0.086956522,0.051529791,0.062801932,0.022544283,0.072463768,0.098228663,0.088566828,0.027375201,0.019323671,0.035426731,0.061191626,0.049919485,0.009661836,0.025764895,0.064412238
testT4.txt_Q5ZZD0,0.058956916,0.040816327,0.0430839,0.045351474,0.002267574,0.068027211,0.034013605,0.06122449,0.027210884,0.072562358,0.095238095,0.070294785,0.013605442,0.072562358,0.063492063,0.092970522,0.040816327,0.006802721,0.045351474,0.045351474
testT4.txt_Q5ZYV7,0.042328042,0.042328042,0.042328042,0.052910053,0.031746032,0.079365079,0.052910053,0.058201058,0.010582011,0.063492063,0.111111111,0.084656085,0.042328042,0.058201058,0.042328042,0.052910053,0.026455026,0.010582011,0.052910053,0.042328042
testT4.txt_Q5ZSQ6,0.037735849,0.033018868,0.075471698,0.061320755,0.004716981,0.089622642,0.056603774,0.023584906,0.028301887,0.075471698,0.066037736,0.080188679,0.028301887,0.061320755,0.037735849,0.070754717,0.075471698,0,0.051886792,0.04245283
testT4.txt_YP_001961003.1,0.103448276,0.072922555,0.036743923,0.072922555,0.003391747,0.072357264,0.044092708,0.067269644,0.018089316,0.052572075,0.07518372,0.055963821,0.014697569,0.026568683,0.042396834,0.08535896,0.062747315,0.002826456,0.022611645,0.067834935
testT4.txt_WP_002965067.1,0.111111111,0.104575163,0.013071895,0.045751634,0.006535948,0.098039216,0.032679739,0.08496732,0.019607843,0.098039216,0.117647059,0,0.013071895,0.039215686,0.032679739,0.032679739,0.065359477,0,0.013071895,0.071895425
testT4.txt_Q5ZUY8,0.083333333,0.040322581,0.061827957,0.056451613,0.010752688,0.077956989,0.072580645,0.024193548,0.021505376,0.072580645,0.086021505,0.059139785,0.02688172,0.045698925,0.037634409,0.083333333,0.040322581,0,0.051075269,0.048387097
testT4.txt_Q5ZXT6,0.089574156,0.007342144,0.070484581,0.099853157,0,0.057268722,0.051395007,0.102790015,0.019089574,0.067547724,0.091042584,0.020558003,0.022026432,0.027900147,0.022026432,0.066079295,0.074889868,0.004405286,0.026431718,0.079295154
testT4.txt_Q5ZYJ7,0.035175879,0.030150754,0.030150754,0.070351759,0.005025126,0.08040201,0.035175879,0.065326633,0.035175879,0.08040201,0.115577889,0.075376884,0.015075377,0.070351759,0.040201005,0.070351759,0.050251256,0,0.035175879,0.060301508
testT4.txt_Q5ZT06,0.102040816,0.054421769,0.040816327,0.088435374,0.006802721,0.095238095,0.054421769,0.020408163,0,0.102040816,0.095238095,0.115646259,0.054421769,0.013605442,0.020408163,0.06122449,0.020408163,0,0.006802721,0.047619048
testT4.txt_Q5ZZJ8,0.064761905,0.057142857,0.072380952,0.055238095,0.007619048,0.068571429,0.034285714,0.051428571,0.03047619,0.053333333,0.114285714,0.055238095,0.024761905,0.036190476,0.055238095,0.059047619,0.053333333,0.011428571,0.047619048,0.047619048
testT4.txt_Q5ZSS2,0.058823529,0.024509804,0.058823529,0.049019608,0.014705882,0.073529412,0.044117647,0.053921569,0.019607843,0.058823529,0.12254902,0.078431373,0.034313725,0.049019608,0.039215686,0.088235294,0.034313725,0.009803922,0.053921569,0.034313725
testT4.txt_Q5ZRH0,0.056565657,0.028282828,0.056565657,0.050505051,0.018181818,0.056565657,0.062626263,0.044444444,0.038383838,0.084848485,0.094949495,0.080808081,0.024242424,0.044444444,0.042424242,0.060606061,0.044444444,0.018181818,0.046464646,0.046464646
testT4.txt_Q5ZTG2,0.050561798,0.028089888,0.039325843,0.056179775,0,0.123595506,0.06741573,0.061797753,0.005617978,0.033707865,0.084269663,0.151685393,0.04494382,0.04494382,0.033707865,0.056179775,0.039325843,0.005617978,0.039325843,0.033707865
testT4.txt_Q5ZT65,0.085653105,0.059957173,0.051391863,0.070663812,0.017130621,0.053533191,0.042826552,0.049250535,0.034261242,0.085653105,0.115631692,0.047109208,0.017130621,0.040685225,0.038543897,0.04496788,0.032119914,0.012847966,0.051391863,0.049250535
testT4.txt_Q5ZSJ0,0.041218638,0.035842294,0.059139785,0.066308244,0.003584229,0.093189964,0.044802867,0.03046595,0.019713262,0.044802867,0.109318996,0.107526882,0.014336918,0.043010753,0.039426523,0.094982079,0.048387097,0.003584229,0.041218638,0.059139785
testT4.txt_Q5ZU55,0.068421053,0.028947368,0.056578947,0.05,0.007894737,0.093421053,0.043421053,0.028947368,0.032894737,0.067105263,0.148684211,0.094736842,0.014473684,0.038157895,0.036842105,0.078947368,0.039473684,0.005263158,0.030263158,0.035526316
testT4.txt_Q5ZVL4,0.038461538,0.048642534,0.070135747,0.061085973,0.014705882,0.056561086,0.037330317,0.058823529,0.030542986,0.062217195,0.118778281,0.075791855,0.016968326,0.044117647,0.033936652,0.066742081,0.049773756,0.014705882,0.044117647,0.056561086
testT4.txt_Q5ZVE9,0.055690073,0.036319613,0.070217918,0.082324455,0.012106538,0.070217918,0.01937046,0.033898305,0.002421308,0.082324455,0.099273608,0.128329298,0.024213075,0.053268765,0.021791768,0.0968523,0.04842615,0.007263923,0.026634383,0.02905569
testT4.txt_WP_002969602.1,0.123809524,0.00952381,0.038095238,0.085714286,0.019047619,0.066666667,0.028571429,0.066666667,0.019047619,0.057142857,0.066666667,0.123809524,0.038095238,0.00952381,0.038095238,0.038095238,0.057142857,0.00952381,0.019047619,0.085714286
testT4.txt_Q5ZSH9,0.061571125,0.038216561,0.042462845,0.050955414,0.012738854,0.080679406,0.061571125,0.055201699,0.023354565,0.070063694,0.106157113,0.082802548,0.031847134,0.063694268,0.033970276,0.055201699,0.036093418,0.004246285,0.053078556,0.036093418
testT4.txt_Q5ZTV8,0.045454545,0.042613636,0.068181818,0.079545455,0.025568182,0.051136364,0.039772727,0.051136364,0.022727273,0.051136364,0.107954545,0.096590909,0.002840909,0.048295455,0.048295455,0.065340909,0.036931818,0.019886364,0.048295455,0.048295455
testT4.txt_Q5ZVT6,0.05370844,0.028132992,0.061381074,0.046035806,0.002557545,0.056265985,0.061381074,0.038363171,0.038363171,0.071611253,0.127877238,0.081841432,0.020460358,0.046035806,0.040920716,0.058823529,0.051150895,0.007672634,0.05370844,0.05370844
testT4.txt_Q5ZTE6,0.062711864,0.03559322,0.045762712,0.052542373,0.003389831,0.116949153,0.054237288,0.030508475,0.018644068,0.06440678,0.125423729,0.125423729,0.011864407,0.027118644,0.020338983,0.077966102,0.055932203,0.010169492,0.022033898,0.038983051
testT4.txt_Q5ZTB8,0.054081633,0.044897959,0.062244898,0.043877551,0.012244898,0.080612245,0.047959184,0.029591837,0.023469388,0.092857143,0.116326531,0.080612245,0.021428571,0.053061224,0.026530612,0.07755102,0.055102041,0.006122449,0.03877551,0.032653061
testT4.txt_WP_010929491.1,0.111842105,0.085526316,0.006578947,0.026315789,0.026315789,0.032894737,0.032894737,0.072368421,0.013157895,0.013157895,0.105263158,0.052631579,0.065789474,0.039473684,0.092105263,0.059210526,0.059210526,0.006578947,0.013157895,0.085526316
testT4.txt_WP_000180783.1,0.075609756,0.025203252,0.1,0.069105691,0.000813008,0.061788618,0.049593496,0.067479675,0.012195122,0.049593496,0.082926829,0.119512195,0.009756098,0.045528455,0.032520325,0.07398374,0.039837398,0.004878049,0.021138211,0.058536585
testT4.txt_YP_001967606.1,0.079872204,0.083067093,0.041533546,0.07028754,0,0.083067093,0.047923323,0.047923323,0.028753994,0.041533546,0.092651757,0.047923323,0.025559105,0.028753994,0.054313099,0.092651757,0.047923323,0.006389776,0.022364217,0.057507987
testT4.txt_Q5ZYK8,0.02970297,0.069306931,0.099009901,0.059405941,0.00990099,0.108910891,0.01980198,0.02970297,0.02970297,0.089108911,0.099009901,0.108910891,0.01980198,0.03960396,0.00990099,0.03960396,0.03960396,0,0.01980198,0.079207921
testT4.txt_SS01691,0.076923077,0.047008547,0.068376068,0.051282051,0.006410256,0.10042735,0.061965812,0.047008547,0.017094017,0.036324786,0.14957265,0.074786325,0.021367521,0.021367521,0.034188034,0.076923077,0.032051282,0.017094017,0.017094017,0.042735043
testT4.txt_WP_011452831.1,0.047368421,0.036842105,0.055263158,0.057894737,0.002631579,0.065789474,0.078947368,0.060526316,0.026315789,0.055263158,0.078947368,0.092105263,0.026315789,0.023684211,0.047368421,0.097368421,0.076315789,0.002631579,0.018421053,0.05
testT4.txt_Q5ZT67,0.063529412,0.037647059,0.035294118,0.051764706,0.004705882,0.110588235,0.063529412,0.049411765,0.018823529,0.056470588,0.127058824,0.096470588,0.011764706,0.016470588,0.021176471,0.065882353,0.077647059,0.004705882,0.011764706,0.075294118
testT4.txt_Q5ZYW5,0.058091286,0.058091286,0.066390041,0.070539419,0.020746888,0.070539419,0.029045643,0.045643154,0.012448133,0.053941909,0.10373444,0.066390041,0.041493776,0.074688797,0.020746888,0.049792531,0.045643154,0.008298755,0.053941909,0.049792531
testT4.txt_Q5ZRJ6,0.086956522,0.016304348,0.038043478,0.043478261,0.005434783,0.086956522,0.02173913,0.070652174,0.032608696,0.054347826,0.114130435,0.038043478,0.032608696,0.070652174,0.032608696,0.081521739,0.054347826,0.016304348,0.043478261,0.059782609
testT4.txt_Q5ZVN2,0.052219321,0.044386423,0.060052219,0.052219321,0.002610966,0.075718016,0.039164491,0.036553525,0.031331593,0.070496084,0.130548303,0.065274151,0.026109661,0.057441253,0.044386423,0.07310705,0.041775457,0.023498695,0.028720627,0.044386423
testT4.txt_Q5ZSS3,0.037837838,0.054054054,0.075675676,0.048648649,0.010810811,0.07027027,0.054054054,0.048648649,0.032432432,0.081081081,0.07027027,0.059459459,0.027027027,0.075675676,0.016216216,0.102702703,0.043243243,0.016216216,0.027027027,0.048648649
testT4.txt_Q5ZSV7,0.036764706,0.047794118,0.055147059,0.066176471,0.011029412,0.073529412,0.055147059,0.025735294,0.022058824,0.069852941,0.102941176,0.106617647,0.014705882,0.066176471,0.040441176,0.066176471,0.047794118,0.014705882,0.040441176,0.036764706
testT4.txt_WP_011996878.1,0.075757576,0.045454545,0.041958042,0.047785548,0.016317016,0.067599068,0.036130536,0.061771562,0.024475524,0.083916084,0.128205128,0.074592075,0.013986014,0.041958042,0.026806527,0.067599068,0.041958042,0.011655012,0.034965035,0.057109557
testT4.txt_Q5ZSN5,0.0625,0.037946429,0.035714286,0.073660714,0.020089286,0.064732143,0.058035714,0.064732143,0.035714286,0.055803571,0.066964286,0.104910714,0.013392857,0.044642857,0.035714286,0.066964286,0.051339286,0.006696429,0.037946429,0.0625
testT4.txt_Q5ZZ81,0.071776156,0.047445255,0.04379562,0.053527981,0.00729927,0.079075426,0.040145985,0.035279805,0.023114355,0.053527981,0.116788321,0.074209246,0.01459854,0.037712895,0.051094891,0.085158151,0.0486618,0.018248175,0.049878345,0.0486618
testT4.txt_SS01540,0.097744361,0.030075188,0.030075188,0.045112782,0.030075188,0.045112782,0.037593985,0.07518797,0.030075188,0.045112782,0.15037594,0.045112782,0.030075188,0.037593985,0.060150376,0.067669173,0.060150376,0.007518797,0.037593985,0.037593985
testT4.txt_Q5ZSG5,0.059459459,0.037837838,0.041441441,0.030630631,0.016216216,0.045045045,0.041441441,0.068468468,0.014414414,0.072072072,0.124324324,0.066666667,0.023423423,0.063063063,0.041441441,0.081081081,0.075675676,0.009009009,0.021621622,0.066666667
testT4.txt_Q5ZZA8,0.052447552,0.045454545,0.066433566,0.059440559,0.020979021,0.048951049,0.059440559,0.041958042,0.031468531,0.094405594,0.125874126,0.062937063,0.017482517,0.045454545,0.038461538,0.062937063,0.031468531,0.01048951,0.045454545,0.038461538
testT4.txt_Q5ZSJ1,0.048351648,0.035164835,0.046153846,0.061538462,0.006593407,0.057142857,0.03956044,0.083516484,0.026373626,0.054945055,0.083516484,0.072527473,0.026373626,0.037362637,0.052747253,0.085714286,0.065934066,0.013186813,0.043956044,0.059340659
testT4.txt_Q5ZWX1,0.075060533,0.026634383,0.046004843,0.046004843,0.004842615,0.055690073,0.043583535,0.070217918,0.002421308,0.079903148,0.101694915,0.060532688,0.02905569,0.031476998,0.03874092,0.101694915,0.079903148,0.007263923,0.036319613,0.062953995
testT4.txt_Q5ZU59,0.146817895,0.081915564,0.039067423,0.054820416,0,0.093257719,0.035916824,0.057340895,0.015122873,0.050409578,0.089477001,0.027095148,0.014492754,0.020793951,0.023944549,0.095148078,0.083175803,0.003150599,0.005040958,0.063011972
testT4.txt_Q5ZUP2,0.050458716,0.052752294,0.068807339,0.043577982,0.016055046,0.091743119,0.04587156,0.03440367,0.016055046,0.073394495,0.119266055,0.075688073,0.020642202,0.059633028,0.03440367,0.050458716,0.066513761,0,0.029816514,0.050458716
testT4.txt_SS01627,0.066458982,0.03894081,0.050882658,0.066978193,0.007788162,0.083592939,0.049844237,0.057113188,0.021806854,0.056074766,0.102284528,0.101765317,0.025441329,0.031671859,0.044652129,0.053478712,0.063343718,0.004672897,0.024922118,0.048286604
testT4.txt_SS01724,0.047619048,0,0.047619048,0.071428571,0.047619048,0.023809524,0.047619048,0.023809524,0.071428571,0.071428571,0.023809524,0.047619048,0.023809524,0.023809524,0.095238095,0.071428571,0.071428571,0.023809524,0.095238095,0.071428571
testT4.txt_WP_010948033.1,0.077441077,0.04040404,0.03030303,0.057239057,0.006734007,0.127946128,0.094276094,0.047138047,0.013468013,0.04040404,0.114478114,0.124579125,0.01010101,0.03030303,0.023569024,0.037037037,0.037037037,0.003367003,0.033670034,0.050505051
testT4.txt_Q5ZWC7,0.04296875,0.03125,0.046875,0.0546875,0.00390625,0.08984375,0.0234375,0.03515625,0.0234375,0.078125,0.0859375,0.109375,0.015625,0.0625,0.05859375,0.1015625,0.04296875,0.0078125,0.04296875,0.04296875
testT4.txt_ALB19409.1,0.112185687,0.071566731,0.034816248,0.087040619,0.01934236,0.034816248,0.027079304,0.090909091,0.017408124,0.042553191,0.081237911,0.034816248,0.01934236,0.027079304,0.075435203,0.050290135,0.048355899,0.00967118,0.030947776,0.085106383
testT4.txt_Q5ZSZ4,0.047393365,0.037914692,0.092417062,0.045023697,0.018957346,0.066350711,0.035545024,0.030805687,0.026066351,0.08056872,0.073459716,0.123222749,0.023696682,0.030805687,0.030805687,0.063981043,0.063981043,0.004739336,0.042654028,0.061611374
testT4.txt_Q5ZV00,0.091127098,0.050359712,0.052757794,0.074340528,0.004796163,0.06235012,0.035971223,0.067146283,0.038369305,0.086330935,0.076738609,0.079136691,0.009592326,0.038369305,0.033573141,0.064748201,0.03117506,0.016786571,0.023980815,0.06235012
testT4.txt_Q5ZSH1,0.07249467,0.038379531,0.085287846,0.066098081,0.017057569,0.068230277,0.046908316,0.042643923,0.021321962,0.07249467,0.104477612,0.085287846,0.021321962,0.038379531,0.023454158,0.081023454,0.034115139,0.004264392,0.031982942,0.044776119
testT4.txt_Q5ZRN6,0.030470914,0.002770083,0.033240997,0.069252078,0,0.033240997,0.069252078,0.083102493,0,0.016620499,0.024930748,0.063711911,0.013850416,0.008310249,0.11634349,0.32132964,0.077562327,0.005540166,0.008310249,0.022160665
testT4.txt_Q5ZYX1,0.042471042,0.027027027,0.088803089,0.061776062,0.003861004,0.073359073,0.034749035,0.061776062,0.019305019,0.061776062,0.11969112,0.084942085,0.027027027,0.084942085,0.019305019,0.084942085,0.034749035,0.007722008,0.019305019,0.042471042
testT4.txt_Q5ZSZ6,0.041666667,0.028846154,0.048076923,0.048076923,0.012820513,0.080128205,0.064102564,0.044871795,0.022435897,0.073717949,0.125,0.112179487,0.019230769,0.057692308,0.03525641,0.064102564,0.038461538,0.003205128,0.03525641,0.044871795
testT4.txt_Q5ZV17,0.084615385,0.015384615,0.084615385,0.038461538,0,0.092307692,0.038461538,0.061538462,0,0.092307692,0.053846154,0.115384615,0.023076923,0.030769231,0.023076923,0.076923077,0.053846154,0.007692308,0.038461538,0.069230769
