#name,A,R,N,D,C,E,Q,G,H,I,L,K,M,F,P,S,T,W,Y,V
id1,0.048969072,0.056701031,0.051546392,0.067010309,0.010309278,0.105670103,0.033505155,0.06185567,0.012886598,0.067010309,0.103092784,0.079896907,0.012886598,0.056701031,0.030927835,0.051546392,0.046391753,0.018041237,0.030927835,0.054123711
id3,0.053016453,0.049360146,0.056672761,0.053016453,0.009140768,0.100548446,0.053016453,0.018281536,0.018281536,0.071297989,0.1023766,0.093235832,0.016453382,0.045703839,0.043875686,0.1023766,0.056672761,0.003656307,0.027422303,0.02559415
id5,0.042553191,0.079787234,0.037234043,0.04787234,0.010638298,0.10106383,0.063829787,0.015957447,0.015957447,0.058510638,0.132978723,0.074468085,0.031914894,0.058510638,0.053191489,0.090425532,0.031914894,0,0.031914894,0.021276596
id7,0.05734767,0.041218638,0.05734767,0.05734767,0.009856631,0.061827957,0.041218638,0.055555556,0.036738351,0.077060932,0.094086022,0.077956989,0.020609319,0.039426523,0.044802867,0.068996416,0.054659498,0.01344086,0.040322581,0.050179211
id9,0.046153846,0.038461538,0.063461538,0.053846154,0.007692308,0.078846154,0.055769231,0.042307692,0.025,0.096153846,0.123076923,0.078846154,0.015384615,0.038461538,0.030769231,0.067307692,0.05,0.005769231,0.048076923,0.034615385
id11,0.052147239,0.030674847,0.070552147,0.061349693,0.009202454,0.055214724,0.039877301,0.030674847,0.042944785,0.076687117,0.134969325,0.079754601,0.009202454,0.064417178,0.04601227,0.055214724,0.064417178,0,0.027607362,0.049079755
id13,0.047516199,0.045356371,0.049676026,0.049676026,0.008639309,0.060475162,0.03887689,0.071274298,0.030237581,0.064794816,0.075593952,0.047516199,0.021598272,0.05399568,0.066954644,0.071274298,0.049676026,0.021598272,0.071274298,0.05399568
id15,0.063224447,0.033719705,0.065331928,0.054794521,0.008429926,0.076923077,0.029504742,0.055848261,0.025289779,0.072708114,0.119072708,0.101159115,0.022128556,0.04004215,0.043203372,0.065331928,0.04004215,0.005268704,0.031612223,0.046364594
id17,0.058295964,0.053811659,0.067264574,0.071748879,0.00896861,0.085201794,0.044843049,0.035874439,0.024663677,0.060538117,0.105381166,0.116591928,0.020179372,0.053811659,0.02690583,0.067264574,0.033632287,0.00896861,0.01793722,0.038116592
id19,0.068783069,0.026455026,0.029982363,0.061728395,0.017636684,0.049382716,0.040564374,0.070546737,0.019400353,0.058201058,0.102292769,0.081128748,0.038800705,0.031746032,0.028218695,0.114638448,0.045855379,0.007054674,0.035273369,0.072310406
id21,0.089912281,0.040570175,0.059210526,0.061403509,0.005482456,0.073464912,0.0625,0.065789474,0.028508772,0.046052632,0.078947368,0.089912281,0.021929825,0.031798246,0.031798246,0.057017544,0.061403509,0.006578947,0.031798246,0.055921053
id23,0.056179775,0.04494382,0.053370787,0.050561798,0.008426966,0.070224719,0.039325843,0.058988764,0.014044944,0.098314607,0.101123596,0.06741573,0.02247191,0.039325843,0.047752809,0.075842697,0.058988764,0.002808989,0.028089888,0.061797753
id25,0.052896725,0.040302267,0.017632242,0.062972292,0.01511335,0.080604534,0.037783375,0.060453401,0.040302267,0.062972292,0.083123426,0.073047859,0.020151134,0.032745592,0.050377834,0.078085642,0.062972292,0.012594458,0.050377834,0.065491184
id27,0.044145873,0.030710173,0.071017274,0.049904031,0.017274472,0.078694818,0.03646833,0.047984645,0.021113244,0.07293666,0.111324376,0.103646833,0.024952015,0.051823417,0.034548944,0.065259117,0.055662188,0.007677543,0.038387716,0.03646833
id29,0.072972973,0.056756757,0.064864865,0.047297297,0.017567568,0.067567568,0.051351351,0.059459459,0.027027027,0.071621622,0.12027027,0.063513514,0.017567568,0.044594595,0.031081081,0.05,0.047297297,0.006756757,0.031081081,0.051351351
id31,0.089869281,0.029411765,0.049019608,0.044117647,0.017973856,0.070261438,0.04248366,0.035947712,0.026143791,0.065359477,0.10620915,0.078431373,0.029411765,0.055555556,0.029411765,0.055555556,0.062091503,0.008169935,0.057189542,0.047385621
id33,0.072727273,0.086363636,0.05,0.059090909,0.009090909,0.109090909,0.036363636,0.036363636,0.009090909,0.068181818,0.113636364,0.040909091,0.009090909,0.040909091,0.059090909,0.068181818,0.045454545,0.013636364,0.031818182,0.040909091
id35,0.069444444,0.027777778,0.087962963,0.050925926,0.00462963,0.060185185,0.027777778,0.050925926,0.009259259,0.083333333,0.125,0.115740741,0.013888889,0.046296296,0.018518519,0.060185185,0.055555556,0.00462963,0.032407407,0.055555556
id37,0.0625,0.019230769,0.043269231,0.033653846,0.009615385,0.081730769,0.048076923,0.033653846,0.028846154,0.100961538,0.120192308,0.076923077,0.019230769,0.052884615,0.052884615,0.072115385,0.052884615,0,0.048076923,0.043269231
id39,0.05204461,0.037174721,0.055762082,0.059479554,0.011152416,0.078066914,0.044609665,0.048327138,0.029739777,0.074349442,0.096654275,0.085501859,0.029739777,0.033457249,0.05204461,0.063197026,0.048327138,0,0.044609665,0.055762082
id41,0.051020408,0.035714286,0.066326531,0.030612245,0.035714286,0.091836735,0.06122449,0.025510204,0.020408163,0.086734694,0.12244898,0.096938776,0.030612245,0.030612245,0.030612245,0.076530612,0.051020408,0.010204082,0.015306122,0.030612245
id43,0.04,0.055,0.0625,0.0425,0.0125,0.06,0.0725,0.03,0.035,0.0575,0.12,0.095,0.0175,0.06,0.0325,0.0925,0.0425,0.01,0.03,0.0325
id45,0.049562682,0.052478134,0.037900875,0.049562682,0.014577259,0.113702624,0.017492711,0.067055394,0.017492711,0.06122449,0.072886297,0.110787172,0.014577259,0.04664723,0.040816327,0.096209913,0.049562682,0.002915452,0.026239067,0.058309038
id47,0.042857143,0.042857143,0.071428571,0.042857143,0.028571429,0.071428571,0.085714286,0.042857143,0.042857143,0.014285714,0.028571429,0.114285714,0.028571429,0.057142857,0.071428571,0.071428571,0.071428571,0,0.057142857,0.014285714
id49,0.075353218,0.026687598,0.039246468,0.045525903,0.009419152,0.092621664,0.037676609,0.043956044,0.01255887,0.051805338,0.133437991,0.103610675,0.023547881,0.050235479,0.03610675,0.06122449,0.047095761,0.020408163,0.042386185,0.047095761
id51,0.063545151,0.016722408,0.075250836,0.046822742,0.013377926,0.055183946,0.033444816,0.066889632,0.030100334,0.063545151,0.085284281,0.093645485,0.018394649,0.053511706,0.055183946,0.080267559,0.051839465,0.013377926,0.033444816,0.050167224
id53,0.034528552,0.051792829,0.06374502,0.057104914,0.006640106,0.09561753,0.04249668,0.049136786,0.039840637,0.05312085,0.091633466,0.088977424,0.019920319,0.033200531,0.045152722,0.07436919,0.055776892,0.006640106,0.033200531,0.057104914
id55,0.066568047,0.063609467,0.057692308,0.050295858,0.00739645,0.093195266,0.044378698,0.056213018,0.016272189,0.062130178,0.122781065,0.071005917,0.014792899,0.045857988,0.032544379,0.054733728,0.048816568,0.017751479,0.039940828,0.034023669
id57,0.072519084,0.038167939,0.055343511,0.062977099,0.003816794,0.064885496,0.040076336,0.057251908,0.040076336,0.095419847,0.089694656,0.089694656,0.011450382,0.04389313,0.034351145,0.057251908,0.045801527,0.009541985,0.041984733,0.045801527
id59,0.106382979,0.042553191,0.021276596,0.04787234,0.015957447,0.069148936,0.063829787,0.015957447,0.021276596,0.058510638,0.117021277,0.079787234,0.026595745,0.063829787,0.04787234,0.079787234,0.04787234,0.005319149,0.026595745,0.042553191
id61,0.117647059,0.038062284,0.048442907,0.034602076,0.01384083,0.062283737,0.055363322,0.041522491,0.027681661,0.058823529,0.103806228,0.069204152,0.024221453,0.065743945,0.017301038,0.114186851,0.024221453,0.017301038,0.048442907,0.017301038
id63,0.084775087,0.031141869,0.053633218,0.029411765,0.01384083,0.058823529,0.020761246,0.058823529,0.010380623,0.074394464,0.141868512,0.055363322,0.008650519,0.067474048,0.029411765,0.117647059,0.062283737,0.012110727,0.022491349,0.046712803
id65,0.022653722,0.038834951,0.097087379,0.045307443,0.009708738,0.122977346,0.025889968,0.03236246,0.009708738,0.035598706,0.132686084,0.064724919,0.01618123,0.055016181,0.084142395,0.103559871,0.048543689,0.006472492,0.009708738,0.038834951
id67,0.107142857,0.041666667,0.023809524,0.041666667,0.017857143,0.101190476,0.029761905,0.053571429,0.017857143,0.053571429,0.113095238,0.041666667,0.023809524,0.047619048,0.041666667,0.101190476,0.071428571,0.005952381,0.029761905,0.035714286
id69,0.051339286,0.027901786,0.069196429,0.042410714,0.013392857,0.060267857,0.052455357,0.018973214,0.030133929,0.084821429,0.1484375,0.077008929,0.017857143,0.040178571,0.044642857,0.091517857,0.050223214,0.010044643,0.037946429,0.03125
id71,0.047904192,0.020958084,0.04491018,0.056886228,0.011976048,0.086826347,0.047904192,0.047904192,0.032934132,0.062874251,0.101796407,0.101796407,0.023952096,0.032934132,0.038922156,0.074850299,0.056886228,0.005988024,0.02994012,0.071856287
id73,0.091304348,0.039130435,0.034782609,0.047826087,0.004347826,0.104347826,0.065217391,0.073913043,0.004347826,0.052173913,0.095652174,0.091304348,0.030434783,0.026086957,0.034782609,0.060869565,0.060869565,0.008695652,0.026086957,0.047826087
id75,0.056241427,0.024691358,0.049382716,0.0521262,0,0.111111111,0.060356653,0.039780521,0.030178326,0.042524005,0.104252401,0.138545953,0.023319616,0.028806584,0.037037037,0.075445816,0.060356653,0.005486968,0.01920439,0.041152263
id77,0.0625,0.111607143,0.040178571,0.071428571,0.002232143,0.080357143,0.0625,0.084821429,0.033482143,0.051339286,0.058035714,0.020089286,0.011160714,0.024553571,0.078125,0.082589286,0.053571429,0.006696429,0.015625,0.049107143
id79,0.053763441,0.037634409,0.072043011,0.052688172,0.007526882,0.094623656,0.049462366,0.030107527,0.019354839,0.059139785,0.106451613,0.094623656,0.015053763,0.059139785,0.064516129,0.066666667,0.041935484,0.009677419,0.024731183,0.040860215
id81,0.056034483,0.045258621,0.084051724,0.045258621,0.019396552,0.109913793,0.015086207,0.028017241,0.021551724,0.049568966,0.084051724,0.114224138,0.010775862,0.036637931,0.043103448,0.109913793,0.0625,0.006465517,0.036637931,0.021551724
id83,0.080808081,0.062626263,0.056565657,0.052525253,0.01010101,0.082828283,0.034343434,0.036363636,0.028282828,0.052525253,0.123232323,0.054545455,0.026262626,0.032323232,0.04040404,0.076767677,0.046464646,0.01010101,0.026262626,0.066666667
id85,0.056016598,0.033195021,0.026970954,0.060165975,0.01659751,0.093360996,0.047717842,0.049792531,0.026970954,0.053941909,0.126556017,0.093360996,0.022821577,0.033195021,0.041493776,0.06846473,0.03526971,0.024896266,0.047717842,0.041493776
id87,0.045614035,0.038596491,0.056140351,0.052631579,0.021052632,0.077192982,0.056140351,0.052631579,0.038596491,0.073684211,0.098245614,0.052631579,0.014035088,0.073684211,0.059649123,0.066666667,0.038596491,0.01754386,0.031578947,0.035087719
id89,0.103030303,0.036363636,0.042424242,0.03030303,0.012121212,0.072727273,0.078787879,0.036363636,0.012121212,0.048484848,0.127272727,0.084848485,0.03030303,0.03030303,0.048484848,0.103030303,0.03030303,0,0.03030303,0.042424242
id91,0.084862385,0.055045872,0.04587156,0.061926606,0.006880734,0.073394495,0.055045872,0.066513761,0.016055046,0.052752294,0.091743119,0.068807339,0.01146789,0.05733945,0.043577982,0.05733945,0.050458716,0.018348624,0.032110092,0.050458716
id93,0.063218391,0.060344828,0.037356322,0.045977011,0.005747126,0.091954023,0.054597701,0.060344828,0.031609195,0.057471264,0.126436782,0.066091954,0.020114943,0.028735632,0.028735632,0.060344828,0.057471264,0.011494253,0.043103448,0.048850575
id95,0.033587786,0.039694656,0.053435115,0.048854962,0.019847328,0.079389313,0.050381679,0.029007634,0.032061069,0.073282443,0.13740458,0.073282443,0.019847328,0.071755725,0.029007634,0.05648855,0.050381679,0.013740458,0.044274809,0.044274809
id97,0.044715447,0.052845528,0.036585366,0.048780488,0.008130081,0.06504065,0.036585366,0.081300813,0.06097561,0.081300813,0.117886179,0.097560976,0.020325203,0.044715447,0.020325203,0.028455285,0.020325203,0.008130081,0.069105691,0.056910569
id99,0.071428571,0.076190476,0.047619048,0.057142857,0.014285714,0.107142857,0.05952381,0.028571429,0.021428571,0.045238095,0.116666667,0.092857143,0.016666667,0.038095238,0.04047619,0.047619048,0.052380952,0.00952381,0.014285714,0.042857143
id101,0.050802139,0.045454545,0.06684492,0.061497326,0.016042781,0.082887701,0.072192513,0.040106952,0.034759358,0.037433155,0.106951872,0.07486631,0.013368984,0.06684492,0.034759358,0.064171123,0.058823529,0.010695187,0.021390374,0.040106952
id103,0.053763441,0.024193548,0.043010753,0.029569892,0.01344086,0.016129032,0.02688172,0.059139785,0.01344086,0.080645161,0.161290323,0.048387097,0.021505376,0.110215054,0.034946237,0.072580645,0.048387097,0.021505376,0.048387097,0.072580645
id105,0.044233807,0.052132701,0.044233807,0.052132701,0.003159558,0.08056872,0.031595577,0.039494471,0.031595577,0.058451817,0.143759874,0.083728278,0.006319115,0.045813586,0.05371248,0.077409163,0.055292259,0.011058452,0.034755134,0.050552923
id107,0.057795699,0.055107527,0.077956989,0.068548387,0.009408602,0.075268817,0.040322581,0.048387097,0.030913978,0.051075269,0.119623656,0.059139785,0.012096774,0.047043011,0.041666667,0.055107527,0.063172043,0.012096774,0.033602151,0.041666667
id109,0.056420233,0.060311284,0.044747082,0.048638132,0.017509728,0.054474708,0.052529183,0.050583658,0.025291829,0.064202335,0.108949416,0.083657588,0.021400778,0.044747082,0.029182879,0.085603113,0.056420233,0.009727626,0.03307393,0.052529183
id111,0.063047285,0.068301226,0.050788091,0.061295972,0.017513135,0.11558669,0.024518389,0.029772329,0.014010508,0.050788091,0.077057793,0.11558669,0.015761821,0.036777583,0.042031524,0.085814361,0.050788091,0.001751313,0.04028021,0.038528897
id113,0.052023121,0.052023121,0.04238921,0.04238921,0.003853565,0.08477842,0.040462428,0.071290944,0.032755299,0.061657033,0.069364162,0.094412331,0.019267823,0.038535645,0.05973025,0.077071291,0.078998073,0.009633911,0.023121387,0.046242775
id115,0.047311828,0.03655914,0.060215054,0.086021505,0.008602151,0.068817204,0.025806452,0.021505376,0.025806452,0.062365591,0.077419355,0.07311828,0.021505376,0.064516129,0.047311828,0.11827957,0.043010753,0.015053763,0.03655914,0.060215054
id117,0.075733333,0.037866667,0.048533333,0.048,0.0032,0.082666667,0.056,0.0368,0.020266667,0.074666667,0.12,0.093866667,0.017066667,0.037333333,0.042133333,0.073066667,0.054933333,0.005866667,0.0272,0.0448
id119,0.088560886,0.018450185,0.088560886,0.036900369,0.005535055,0.05904059,0.020295203,0.05904059,0.020295203,0.07195572,0.138376384,0.092250923,0.012915129,0.042435424,0.035055351,0.08302583,0.066420664,0.007380074,0.009225092,0.044280443
id121,0.042979943,0.051575931,0.063037249,0.040114613,0.011461318,0.083094556,0.045845272,0.025787966,0.014326648,0.068767908,0.143266476,0.094555874,0.017191977,0.031518625,0.040114613,0.097421203,0.040114613,0.005730659,0.040114613,0.042979943
id123,0.053962901,0.050590219,0.057335582,0.053962901,0.02529511,0.045531197,0.033726813,0.072512648,0.030354132,0.075885329,0.099494098,0.089376054,0.013490725,0.02529511,0.062394604,0.064080944,0.072512648,0.010118044,0.013490725,0.050590219
id125,0.10754717,0.052830189,0.075471698,0.052830189,0.01509434,0.067924528,0.069811321,0.054716981,0.018867925,0.045283019,0.1,0.052830189,0.003773585,0.01509434,0.056603774,0.08490566,0.043396226,0.00754717,0.028301887,0.047169811
id127,0.080745342,0.057971014,0.060041408,0.047619048,0.010351967,0.039337474,0.045548654,0.078674948,0.01863354,0.049689441,0.078674948,0.041407867,0.01863354,0.045548654,0.043478261,0.082815735,0.080745342,0.00621118,0.051759834,0.062111801
id129,0.04028777,0.043165468,0.044604317,0.058992806,0.017266187,0.102158273,0.054676259,0.04028777,0.008633094,0.060431655,0.10647482,0.102158273,0.017266187,0.044604317,0.031654676,0.100719424,0.038848921,0.008633094,0.023021583,0.056115108
id131,0.038363171,0.071611253,0.058823529,0.04859335,0.00511509,0.086956522,0.04859335,0.046035806,0.015345269,0.056265985,0.094629156,0.066496164,0.015345269,0.061381074,0.058823529,0.099744246,0.046035806,0.012787724,0.017902813,0.051150895
id133,0.146276596,0.010638298,0.04787234,0.04787234,0,0.074468085,0.066489362,0.10106383,0.010638298,0.018617021,0.093085106,0.090425532,0.029255319,0.031914894,0.021276596,0.031914894,0.037234043,0.021276596,0.082446809,0.037234043
id135,0.056390977,0.041353383,0.056390977,0.04887218,0.011278195,0.071428571,0.045112782,0.078947368,0.033834586,0.097744361,0.056390977,0.052631579,0.022556391,0.041353383,0.037593985,0.067669173,0.063909774,0.018796992,0.04887218,0.04887218
id137,0.079847909,0.038022814,0.060836502,0.030418251,0.011406844,0.076045627,0.030418251,0.049429658,0.022813688,0.053231939,0.133079848,0.053231939,0.02661597,0.053231939,0.049429658,0.064638783,0.057034221,0.015209125,0.030418251,0.064638783
id139,0.063492063,0.042857143,0.058730159,0.06031746,0.006349206,0.071428571,0.044444444,0.049206349,0.025396825,0.080952381,0.088888889,0.087301587,0.015873016,0.044444444,0.034920635,0.082539683,0.042857143,0.006349206,0.026984127,0.066666667
id141,0.039312039,0.022113022,0.049140049,0.036855037,0.012285012,0.063882064,0.046683047,0.078624079,0.029484029,0.071253071,0.127764128,0.083538084,0.024570025,0.066339066,0.041769042,0.068796069,0.054054054,0,0.034398034,0.049140049
id143,0.070895522,0.052238806,0.044776119,0.037313433,0,0.097014925,0.026119403,0.037313433,0.03358209,0.044776119,0.111940299,0.085820896,0.018656716,0.02238806,0.052238806,0.134328358,0.052238806,0.014925373,0.029850746,0.03358209
id145,0.070556309,0.036635007,0.05834464,0.048846676,0.006784261,0.067842605,0.066485753,0.062415197,0.012211669,0.07734057,0.108548168,0.073270014,0.017639077,0.043419267,0.047489824,0.069199457,0.048846676,0.004070556,0.029850746,0.050203528
id147,0.139870224,0.045421774,0.038932949,0.05407354,0.015140591,0.056236482,0.055515501,0.090843547,0.031002163,0.038932949,0.085796683,0.048305696,0.015140591,0.015140591,0.046863735,0.083633742,0.066330209,0.004325883,0.020187455,0.048305696
id149,0.063492063,0.038800705,0.045855379,0.044091711,0.02292769,0.059964727,0.047619048,0.040564374,0.031746032,0.074074074,0.111111111,0.047619048,0.019400353,0.065255732,0.052910053,0.068783069,0.074074074,0.017636684,0.026455026,0.047619048
id151,0.110132159,0.061674009,0.026431718,0.035242291,0.026431718,0.030837004,0.044052863,0.092511013,0.017621145,0.070484581,0.105726872,0.030837004,0.022026432,0.022026432,0.04845815,0.044052863,0.074889868,0.004405286,0.083700441,0.04845815
id153,0.11722488,0.076555024,0.028708134,0.04784689,0,0.100478469,0.043062201,0.055023923,0.0215311,0.052631579,0.071770335,0.023923445,0.016746411,0.016746411,0.11722488,0.086124402,0.043062201,0.002392344,0.007177033,0.071770335
id155,0.06846473,0.039419087,0.049792531,0.053941909,0.010373444,0.091286307,0.058091286,0.049792531,0.020746888,0.076763485,0.116182573,0.10373444,0.018672199,0.033195021,0.039419087,0.058091286,0.033195021,0.01659751,0.026970954,0.03526971
id157,0.075657895,0.049342105,0.072368421,0.039473684,0.003289474,0.069078947,0.052631579,0.046052632,0.032894737,0.059210526,0.101973684,0.088815789,0.016447368,0.036184211,0.032894737,0.085526316,0.059210526,0.009868421,0.036184211,0.032894737
id159,0.060070671,0.053003534,0.021201413,0.056537102,0.010600707,0.084805654,0.06360424,0.056537102,0.024734982,0.06360424,0.06360424,0.091872792,0.007067138,0.042402827,0.074204947,0.049469965,0.035335689,0.024734982,0.053003534,0.06360424
id161,0.022727273,0.022727273,0.045454545,0.045454545,0.045454545,0.113636364,0.045454545,0,0,0.045454545,0.090909091,0.136363636,0.090909091,0,0,0.113636364,0.022727273,0,0.022727273,0.136363636
id163,0.062374245,0.086519115,0.042253521,0.062374245,0,0.052313883,0.052313883,0.08249497,0.028169014,0.056338028,0.110663984,0.016096579,0.010060362,0.06639839,0.060362173,0.046277666,0.038229376,0.030181087,0.052313883,0.044265594
id165,0.072234763,0.038374718,0.076749436,0.054176072,0.011286682,0.058690745,0.042889391,0.051918736,0.036117381,0.085778781,0.083521445,0.060948081,0.0248307,0.047404063,0.045146727,0.065462754,0.036117381,0.011286682,0.038374718,0.058690745
id167,0.059282371,0.049921997,0.060842434,0.071762871,0.014040562,0.060842434,0.03900156,0.04524181,0.024960998,0.060842434,0.109204368,0.088923557,0.021840874,0.062402496,0.024960998,0.073322933,0.03900156,0.007800312,0.048361934,0.037441498
id169,0.053435115,0.072519084,0.053435115,0.080152672,0.007633588,0.057251908,0.041984733,0.053435115,0.026717557,0.057251908,0.118320611,0.06870229,0.019083969,0.053435115,0.026717557,0.072519084,0.038167939,0.003816794,0.049618321,0.045801527
id171,0.081521739,0.092391304,0.038043478,0.043478261,0.016304348,0.125,0.048913043,0.059782609,0.016304348,0.076086957,0.114130435,0.038043478,0.016304348,0.032608696,0.043478261,0.02173913,0.027173913,0.005434783,0.048913043,0.054347826
id173,0.050308008,0.026694045,0.052361396,0.049281314,0.006160164,0.114989733,0.046201232,0.047227926,0.020533881,0.054414784,0.099589322,0.105749487,0.027720739,0.025667351,0.042094456,0.078028747,0.060574949,0.009240246,0.025667351,0.057494867
id175,0.09406953,0.044989775,0.075664622,0.028629857,0.014314928,0.104294479,0.038854806,0.028629857,0.020449898,0.065439673,0.120654397,0.079754601,0.012269939,0.057259714,0.028629857,0.057259714,0.042944785,0.014314928,0.047034765,0.024539877
id177,0.072866731,0.036433365,0.03451582,0.020134228,0.009587728,0.103547459,0.07957814,0.037392138,0.020134228,0.06232023,0.072866731,0.099712368,0.022051774,0.029721956,0.046979866,0.104506232,0.052732502,0.002876318,0.019175455,0.072866731
id179,0.068292683,0.03902439,0.034146341,0.043902439,0.004878049,0.063414634,0.053658537,0.087804878,0.034146341,0.053658537,0.087804878,0.048780488,0.024390244,0.058536585,0.043902439,0.058536585,0.03902439,0.019512195,0.019512195,0.117073171
id181,0.05372617,0.036395147,0.058925477,0.05372617,0.003466205,0.102253033,0.051993068,0.060658579,0.025996534,0.055459272,0.100519931,0.091854419,0.027729636,0.03812825,0.024263432,0.081455806,0.050259965,0.001733102,0.027729636,0.05372617
id183,0.057899902,0.030421982,0.038272816,0.042198234,0.019627085,0.079489696,0.048086359,0.048086359,0.035328754,0.074582924,0.110893032,0.078508342,0.031403337,0.056918548,0.039254171,0.06673209,0.044160942,0.004906771,0.037291462,0.055937193
id185,0.087378641,0.058252427,0.029126214,0.087378641,0.029126214,0.106796117,0.058252427,0.048543689,0.009708738,0.058252427,0.067961165,0.116504854,0.009708738,0.048543689,0.029126214,0.038834951,0.029126214,0.019417476,0.048543689,0.019417476
id187,0.067226891,0.042016807,0.042016807,0.084033613,0,0.092436975,0.033613445,0.008403361,0.033613445,0.058823529,0.109243697,0.117647059,0.042016807,0.042016807,0.033613445,0.075630252,0.058823529,0.016806723,0.016806723,0.025210084
id189,0.050179211,0.041218638,0.041218638,0.051971326,0.010752688,0.102150538,0.037634409,0.050179211,0.021505376,0.062724014,0.143369176,0.071684588,0.019713262,0.05734767,0.050179211,0.062724014,0.046594982,0.008960573,0.028673835,0.041218638
id191,0.081395349,0.052325581,0.081395349,0.040697674,0.01744186,0.058139535,0.063953488,0.029069767,0.023255814,0.058139535,0.122093023,0.11627907,0.01744186,0.046511628,0.034883721,0.040697674,0.052325581,0.011627907,0.029069767,0.023255814
id193,0.052380952,0.047619048,0.071428571,0.042857143,0.019047619,0.085714286,0.057142857,0.014285714,0.028571429,0.061904762,0.128571429,0.080952381,0.023809524,0.047619048,0.042857143,0.057142857,0.042857143,0.014285714,0.038095238,0.042857143
id195,0.075471698,0.037735849,0.04974271,0.039451115,0.005145798,0.051457976,0.02058319,0.056603774,0.012006861,0.053173242,0.109777015,0.073756432,0.027444254,0.048027444,0.066895369,0.070325901,0.061749571,0.018867925,0.034305317,0.087478559
id197,0.039711191,0.039711191,0.064981949,0.072202166,0.032490975,0.072202166,0.0433213,0.050541516,0.025270758,0.075812274,0.093862816,0.097472924,0.032490975,0.0433213,0.025270758,0.050541516,0.0433213,0.010830325,0.039711191,0.046931408
id199,0.051792829,0.039840637,0.027888446,0.003984064,0.007968127,0.03187251,0.027888446,0.043824701,0.035856574,0.123505976,0.15936255,0.023904382,0.023904382,0.075697211,0.027888446,0.075697211,0.06374502,0.007968127,0.06374502,0.083665339
id201,0.088709677,0.04233871,0.032258065,0.038306452,0.006048387,0.070564516,0.030241935,0.058467742,0.022177419,0.056451613,0.096774194,0.058467742,0.018145161,0.064516129,0.04233871,0.100806452,0.046370968,0.024193548,0.024193548,0.078629032
id203,0.10952381,0.077380952,0.036904762,0.06547619,0.007142857,0.089285714,0.045238095,0.070238095,0.017857143,0.025,0.086904762,0.041666667,0.010714286,0.020238095,0.070238095,0.08452381,0.05,0.021428571,0.032142857,0.038095238
id205,0.066901408,0.038732394,0.070422535,0.066901408,0,0.080985915,0.056338028,0.031690141,0.028169014,0.091549296,0.084507042,0.070422535,0.028169014,0.056338028,0.028169014,0.077464789,0.045774648,0.007042254,0.028169014,0.042253521
id207,0.077702703,0.013513514,0.064189189,0.033783784,0.016891892,0.10472973,0.033783784,0.040540541,0.023648649,0.067567568,0.118243243,0.091216216,0.013513514,0.040540541,0.027027027,0.077702703,0.054054054,0.016891892,0.067567568,0.016891892
id209,0.078825348,0.041731066,0.051004637,0.060278207,0.00309119,0.098918083,0.035548686,0.044822257,0.015455951,0.058732612,0.091190108,0.103554869,0.038639876,0.034003091,0.037094281,0.077279753,0.043276662,0.007727975,0.030911901,0.047913447
id211,0.043440487,0.026064292,0.041702867,0.047784535,0.005212858,0.113814075,0.072980017,0.027801911,0.025195482,0.069504778,0.126846221,0.088618593,0.015638575,0.022589053,0.062554301,0.086880973,0.042571677,0.006081668,0.021720243,0.052997394
id213,0.045278137,0.028460543,0.058214748,0.064683053,0.009055627,0.084087969,0.06080207,0.02457956,0.016817594,0.08538163,0.120310479,0.077619664,0.015523933,0.059508409,0.045278137,0.086675291,0.050452781,0.006468305,0.029754204,0.031047865
id215,0.098814229,0.063241107,0.04743083,0.071146245,0.003952569,0.071146245,0.059288538,0.083003953,0.027667984,0.035573123,0.063241107,0.067193676,0.023715415,0.011857708,0.043478261,0.106719368,0.071146245,0,0,0.051383399
id217,0.027027027,0.108108108,0.054054054,0,0,0.081081081,0,0.054054054,0.027027027,0.189189189,0.108108108,0.135135135,0.054054054,0.054054054,0,0.081081081,0.027027027,0,0,0
id219,0.037848606,0.023904382,0.025896414,0.085657371,0.011952191,0.079681275,0.043824701,0.067729084,0.013944223,0.061752988,0.109561753,0.101593625,0.009960159,0.041832669,0.029880478,0.091633466,0.067729084,0.003984064,0.037848606,0.053784861
id221,0.052356021,0.043630017,0.073298429,0.061082024,0.010471204,0.054101222,0.036649215,0.043630017,0.017452007,0.069808028,0.141361257,0.095986038,0.022687609,0.029668412,0.036649215,0.092495637,0.071553229,0.001745201,0.013961606,0.031413613
id223,0.063829787,0.010638298,0.079787234,0.031914894,0.010638298,0.04787234,0.037234043,0.111702128,0.010638298,0.085106383,0.053191489,0.074468085,0.031914894,0.058510638,0.063829787,0.037234043,0.10106383,0,0.015957447,0.074468085
id225,0.089285714,0.047619048,0.063988095,0.035714286,0.001488095,0.099702381,0.074404762,0.047619048,0.017857143,0.069940476,0.116071429,0.095238095,0.016369048,0.026785714,0.02827381,0.043154762,0.043154762,0.004464286,0.020833333,0.058035714
id227,0.064738292,0.044077135,0.066115702,0.049586777,0.019283747,0.075757576,0.046831956,0.038567493,0.026170799,0.05922865,0.112947658,0.08815427,0.011019284,0.037190083,0.03030303,0.075757576,0.066115702,0.012396694,0.03030303,0.045454545
id229,0.111420613,0.08356546,0.052924791,0.038997214,0.016713092,0.04735376,0.04178273,0.080779944,0.011142061,0.072423398,0.103064067,0.04735376,0.022284123,0.038997214,0.04735376,0.030640669,0.050139276,0.008356546,0.036211699,0.058495822
id231,0.059090909,0.054545455,0.045454545,0.077272727,0,0.077272727,0.031818182,0.022727273,0.036363636,0.068181818,0.118181818,0.104545455,0.009090909,0.022727273,0.036363636,0.095454545,0.031818182,0,0.05,0.059090909
id233,0.052015605,0.040312094,0.054616385,0.062418726,0.015604681,0.091027308,0.033810143,0.048114434,0.024707412,0.079323797,0.119635891,0.087126138,0.010403121,0.054616385,0.031209363,0.058517555,0.037711313,0.00260078,0.039011704,0.057217165
id235,0.097345133,0.091445428,0.041297935,0.038348083,0.020648968,0.053097345,0.044247788,0.07079646,0.020648968,0.061946903,0.109144543,0.07079646,0.026548673,0.017699115,0.020648968,0.050147493,0.041297935,0.01179941,0.032448378,0.079646018
id237,0.071672355,0.030716724,0.044368601,0.061433447,0.003412969,0.068259386,0.040955631,0.04778157,0.040955631,0.078498294,0.092150171,0.064846416,0.017064846,0.04778157,0.044368601,0.088737201,0.044368601,0.006825939,0.054607509,0.051194539
id239,0.054597701,0.043821839,0.056752874,0.047413793,0.020114943,0.091235632,0.048850575,0.035201149,0.018678161,0.068247126,0.11566092,0.086206897,0.016522989,0.057471264,0.036637931,0.068965517,0.042385057,0.006465517,0.036637931,0.048132184
id241,0.069014085,0.05915493,0.063380282,0.047887324,0.014084507,0.076056338,0.036619718,0.030985915,0.026760563,0.061971831,0.090140845,0.098591549,0.015492958,0.050704225,0.029577465,0.076056338,0.069014085,0.021126761,0.032394366,0.030985915
id243,0.068181818,0.022727273,0.039772727,0.039772727,0.045454545,0.073863636,0.028409091,0.028409091,0.022727273,0.068181818,0.090909091,0.073863636,0.017045455,0.045454545,0.051136364,0.107954545,0.085227273,0,0.022727273,0.068181818
id245,0.076923077,0.037475345,0.047337278,0.057199211,0.013806706,0.076923077,0.043392505,0.029585799,0.029585799,0.08086785,0.143984221,0.061143984,0.019723866,0.053254438,0.045364892,0.059171598,0.061143984,0.007889546,0.033530572,0.021696252
id247,0.098814229,0.063241107,0.019762846,0.023715415,0.003952569,0.031620553,0.015810277,0.110671937,0.023715415,0.086956522,0.083003953,0.011857708,0.04743083,0.086956522,0.059288538,0.071146245,0.031620553,0.015810277,0.035573123,0.079051383
id249,0.061823802,0.033230294,0.051777434,0.034775889,0.005409583,0.113601236,0.080370943,0.040958269,0.017001546,0.064914992,0.130602782,0.115919629,0.01236476,0.037867079,0.020092736,0.07187017,0.048686244,0.00618238,0.024729521,0.027820711
id251,0.076433121,0.01910828,0.055201699,0.050955414,0.006369427,0.072186837,0.055201699,0.063694268,0.027600849,0.050955414,0.091295117,0.108280255,0.029723992,0.042462845,0.055201699,0.093418259,0.057324841,0,0.01910828,0.025477707
id253,0.069915254,0.042372881,0.050847458,0.061440678,0.004237288,0.088983051,0.05720339,0.044491525,0.019067797,0.059322034,0.074152542,0.112288136,0.025423729,0.042372881,0.046610169,0.069915254,0.061440678,0,0.025423729,0.044491525
id255,0.074906367,0.06741573,0.039325843,0.039325843,0.005617978,0.099250936,0.078651685,0.095505618,0.035580524,0.018726592,0.063670412,0.061797753,0.009363296,0.016853933,0.104868914,0.046816479,0.058052434,0.003745318,0.037453184,0.043071161
id257,0.043478261,0.043478261,0.062111801,0.077639752,0.01552795,0.080745342,0.031055901,0.062111801,0.02484472,0.083850932,0.071428571,0.114906832,0.01552795,0.049689441,0.02484472,0.059006211,0.052795031,0.00310559,0.031055901,0.052795031
id259,0.04248366,0.058823529,0.065359477,0.045751634,0.003267974,0.062091503,0.045751634,0.022875817,0.049019608,0.065359477,0.140522876,0.08496732,0.022875817,0.049019608,0.049019608,0.058823529,0.055555556,0.016339869,0.029411765,0.032679739
id261,0.044642857,0.026785714,0.047619048,0.041666667,0.014880952,0.110119048,0.050595238,0.035714286,0.011904762,0.0625,0.12797619,0.104166667,0.023809524,0.026785714,0.038690476,0.095238095,0.06547619,0,0.026785714,0.044642857
id263,0.066770186,0.035714286,0.052795031,0.060559006,0.010869565,0.086956522,0.060559006,0.059006211,0.02173913,0.086956522,0.090062112,0.077639752,0.01863354,0.031055901,0.040372671,0.060559006,0.048136646,0.01863354,0.031055901,0.041925466
id265,0.115107914,0.023980815,0.033573141,0.014388489,0.002398082,0.014388489,0.023980815,0.095923261,0.021582734,0.112709832,0.110311751,0.021582734,0.026378897,0.067146283,0.026378897,0.069544365,0.074340528,0.021582734,0.026378897,0.098321343
id267,0.059907834,0.023041475,0.069124424,0.069124424,0,0.046082949,0.059907834,0.069124424,0,0.087557604,0.059907834,0.082949309,0.01843318,0.032258065,0.036866359,0.069124424,0.092165899,0.013824885,0.041474654,0.069124424
id269,0.076628352,0.038314176,0.057471264,0.038314176,0.01532567,0.103448276,0.049808429,0.045977011,0.022988506,0.061302682,0.099616858,0.088122605,0.026819923,0.049808429,0.034482759,0.068965517,0.061302682,0,0.030651341,0.030651341
id271,0.062381853,0.054820416,0.064272212,0.056710775,0.011342155,0.064272212,0.039697543,0.04536862,0.018903592,0.081285444,0.109640832,0.086956522,0.011342155,0.049149338,0.037807183,0.069943289,0.043478261,0.007561437,0.04536862,0.039697543
id273,0.050251256,0.032663317,0.06281407,0.035175879,0.010050251,0.095477387,0.040201005,0.045226131,0.035175879,0.06281407,0.140703518,0.070351759,0.027638191,0.030150754,0.032663317,0.092964824,0.047738693,0.005025126,0.022613065,0.060301508
id275,0.0657277,0.035211268,0.077464789,0.051643192,0.009389671,0.096244131,0.039906103,0.049295775,0.037558685,0.068075117,0.082159624,0.091549296,0.018779343,0.035211268,0.028169014,0.061032864,0.068075117,0.014084507,0.028169014,0.042253521
id277,0.088967972,0.042704626,0.080071174,0.055160142,0.016014235,0.060498221,0.049822064,0.040925267,0.012455516,0.06405694,0.078291815,0.080071174,0.03202847,0.051601423,0.028469751,0.060498221,0.049822064,0.007117438,0.044483986,0.056939502
id279,0.068345324,0.079136691,0.052158273,0.070143885,0.005395683,0.077338129,0.059352518,0.06294964,0.026978417,0.035971223,0.077338129,0.053956835,0.026978417,0.034172662,0.057553957,0.071942446,0.052158273,0.007194245,0.037769784,0.043165468
id281,0.183006536,0.117647059,0.039215686,0.039215686,0,0.078431373,0.032679739,0.026143791,0,0.032679739,0.14379085,0.058823529,0.026143791,0.006535948,0.045751634,0.045751634,0.052287582,0,0,0.071895425
id283,0.102857143,0.045714286,0.051428571,0.045714286,0.017142857,0.057142857,0.022857143,0.131428571,0.034285714,0.085714286,0.068571429,0.04,0.034285714,0.028571429,0.045714286,0.028571429,0.057142857,0.011428571,0.017142857,0.074285714
id285,0.03271028,0.088785047,0.037383178,0.014018692,0,0.08411215,0.042056075,0.051401869,0.009345794,0.042056075,0.126168224,0.102803738,0.018691589,0.042056075,0.158878505,0.079439252,0.037383178,0,0.018691589,0.014018692
id287,0.071038251,0.06010929,0.043715847,0.043715847,0.016393443,0.12568306,0.016393443,0.049180328,0.021857923,0.06010929,0.098360656,0.071038251,0.049180328,0.032786885,0.027322404,0.054644809,0.049180328,0.010928962,0.054644809,0.043715847
id289,0.076372315,0.057279236,0.064439141,0.059665871,0.019093079,0.105011933,0.035799523,0.033412888,0.019093079,0.057279236,0.107398568,0.071599045,0.016706444,0.062052506,0.047732697,0.076372315,0.031026253,0.002386635,0.00477327,0.052505967
id291,0.04696449,0.04696449,0.033218786,0.059564719,0.003436426,0.075601375,0.050400916,0.043528064,0.028636884,0.04696449,0.10882016,0.082474227,0.016036655,0.049255441,0.043528064,0.084765178,0.07674685,0.006872852,0.042382589,0.053837342
id293,0.038216561,0.070063694,0.025477707,0.025477707,0.01910828,0.127388535,0.050955414,0.050955414,0.050955414,0.095541401,0.095541401,0.050955414,0.031847134,0.025477707,0.031847134,0.076433121,0.057324841,0.006369427,0.031847134,0.038216561
id295,0.062130178,0.071005917,0.044378698,0.047337278,0.00591716,0.088757396,0.035502959,0.038461538,0.014792899,0.088757396,0.109467456,0.097633136,0.00887574,0.041420118,0.035502959,0.079881657,0.065088757,0.00591716,0.017751479,0.041420118
id297,0.04245283,0.009433962,0.070754717,0.066037736,0,0.075471698,0.075471698,0.037735849,0.061320755,0.066037736,0.094339623,0.051886792,0.023584906,0.061320755,0.089622642,0.056603774,0.051886792,0.009433962,0.018867925,0.037735849
id299,0.046268657,0.028358209,0.062686567,0.059701493,0.008955224,0.080597015,0.058208955,0.025373134,0.03880597,0.06119403,0.125373134,0.080597015,0.020895522,0.035820896,0.059701493,0.071641791,0.043283582,0.013432836,0.037313433,0.041791045
id301,0.037362637,0.026373626,0.048351648,0.037362637,0.004395604,0.083516484,0.054945055,0.035164835,0.024175824,0.07032967,0.112087912,0.085714286,0.006593407,0.032967033,0.065934066,0.09010989,0.087912088,0.01978022,0.030769231,0.046153846
id303,0.006711409,0.020134228,0.053691275,0.046979866,0.026845638,0.026845638,0.053691275,0.026845638,0.033557047,0.10738255,0.167785235,0.10738255,0.020134228,0.026845638,0.026845638,0.080536913,0.060402685,0.006711409,0.040268456,0.060402685
id305,0.059336824,0.02617801,0.04886562,0.059336824,0.008726003,0.076788831,0.071553229,0.034904014,0.012216405,0.092495637,0.120418848,0.095986038,0.02617801,0.034904014,0.033158813,0.066317627,0.052356021,0.005235602,0.033158813,0.041884817
id307,0.082236842,0.044407895,0.047697368,0.044407895,0.018092105,0.067434211,0.029605263,0.070723684,0.024671053,0.0625,0.097039474,0.064144737,0.018092105,0.036184211,0.047697368,0.070723684,0.059210526,0.009868421,0.041118421,0.064144737
id309,0.091133005,0.049261084,0.039408867,0.041871921,0.009852217,0.081280788,0.034482759,0.086206897,0.017241379,0.088669951,0.066502463,0.0591133,0.014778325,0.034482759,0.044334975,0.054187192,0.066502463,0.019704433,0.034482759,0.066502463
id311,0.044715447,0.040650407,0.048780488,0.052845528,0.008130081,0.077235772,0.048780488,0.036585366,0.008130081,0.06504065,0.089430894,0.097560976,0.020325203,0.052845528,0.056910569,0.06504065,0.081300813,0.012195122,0.040650407,0.052845528
id313,0.026785714,0.026785714,0.03125,0.080357143,0.008928571,0.066964286,0.026785714,0.03125,0.058035714,0.044642857,0.107142857,0.084821429,0.040178571,0.053571429,0.053571429,0.09375,0.080357143,0,0.026785714,0.058035714
id315,0.076300578,0.042774566,0.055491329,0.050867052,0.008092486,0.106358382,0.068208092,0.041618497,0.011560694,0.063583815,0.098265896,0.092485549,0.012716763,0.03699422,0.032369942,0.065895954,0.043930636,0.009248555,0.026589595,0.056647399
id317,0.051630435,0.065217391,0.057065217,0.04076087,0.005434783,0.078804348,0.0625,0.051630435,0.02173913,0.073369565,0.116847826,0.065217391,0.010869565,0.035326087,0.038043478,0.067934783,0.054347826,0.008152174,0.046195652,0.048913043
id319,0.053921569,0.024509804,0.073529412,0.058823529,0.024509804,0.039215686,0.044117647,0.049019608,0.024509804,0.117647059,0.132352941,0.053921569,0.014705882,0.024509804,0.049019608,0.083333333,0.049019608,0.004901961,0.019607843,0.058823529
id321,0.060240964,0.02811245,0.084337349,0.068273092,0.012048193,0.100401606,0.036144578,0.016064257,0.032128514,0.076305221,0.116465863,0.13253012,0.012048193,0.044176707,0.016064257,0.048192771,0.048192771,0.012048193,0.036144578,0.020080321
id323,0.077540107,0.038770053,0.090909091,0.046791444,0.013368984,0.037433155,0.044117647,0.070855615,0.010695187,0.070855615,0.061497326,0.037433155,0.021390374,0.044117647,0.072192513,0.064171123,0.090909091,0.005347594,0.029411765,0.072192513
id325,0.037313433,0.041044776,0.044776119,0.055970149,0.01119403,0.074626866,0.037313433,0.037313433,0.063432836,0.108208955,0.119402985,0.063432836,0.018656716,0.055970149,0.02238806,0.059701493,0.037313433,0.007462687,0.041044776,0.063432836
id327,0.085173502,0.107255521,0.044164038,0.069400631,0.006309148,0.072555205,0.044164038,0.047318612,0.018927445,0.05362776,0.085173502,0.047318612,0.009463722,0.022082019,0.069400631,0.069400631,0.056782334,0.006309148,0.015772871,0.069400631
id329,0.108910891,0.089108911,0.069306931,0.04950495,0,0.079207921,0.02970297,0.02970297,0.044554455,0.03960396,0.103960396,0.03960396,0.024752475,0.024752475,0.054455446,0.094059406,0.04950495,0,0.004950495,0.064356436
id331,0.077966102,0.037288136,0.06440678,0.06440678,0.027118644,0.06440678,0.033898305,0.033898305,0.013559322,0.057627119,0.128813559,0.084745763,0.016949153,0.057627119,0.030508475,0.06779661,0.057627119,0.006779661,0.047457627,0.027118644
